D:\MASSHUNTER\GCMS\1\DATA\DR_Sv_0034_1.D Sat Sep 24 23:19:37 2022
Start of data points
4.09417,20682
4.10105,21297
4.10795,19356
4.11485,18882
4.12175,17467
4.12863,17547
4.13553,17088
4.14243,16922
4.14932,17635
4.15622,16638
4.16312,16260
4.17002,16496
4.17690,16999
4.18380,17847
4.19070,16709
4.19760,15663
4.20448,15990
4.21138,16044
4.21828,15541
4.22517,15974
4.23207,15773
4.23897,15854
4.24587,16363
4.25275,15231
4.25965,15928
4.26655,15404
4.27343,16329
4.28033,14404
4.28723,15982
4.29413,15360
4.30102,16486
4.30792,16016
4.31482,15240
4.32172,15739
4.32860,15407
4.33550,17906
4.34240,16263
4.34928,14920
4.35618,15758
4.36308,17003
4.36998,15710
4.37687,15015
4.38377,14544
4.39067,16222
4.39755,14839
4.40445,16052
4.41135,14764
4.41825,14981
4.42513,15265
4.43203,15199
4.43893,15050
4.44583,14381
4.45272,15994
4.45962,16801
4.46652,15457
4.47340,14863
4.48030,14762
4.48720,15088
4.49410,14807
4.50098,14575
4.50788,16003
4.51478,13469
4.52168,14229
4.52857,15117
4.53547,15415
4.54237,15459
4.54925,14140
4.55615,15432
4.56305,13874
4.56995,14435
4.57683,15096
4.58373,14887
4.59063,14627
4.59752,14260
4.60442,14684
4.61132,14011
4.61822,15598
4.62510,14527
4.63200,14741
4.63890,14937
4.64580,14879
4.65268,15279
4.65958,15277
4.66648,14133
4.67337,14748
4.68027,13823
4.68717,14446
4.69407,14968
4.70095,15148
4.70785,14386
4.71475,15686
4.72165,16094
4.72853,15442
4.73543,16112
4.74233,15520
4.74922,15624
4.75612,16973
4.76302,16506
4.76992,16847
4.77680,17504
4.78370,19185
4.79060,17558
4.79748,20485
4.80438,21894
4.81128,22770
4.81818,23239
4.82507,24647
4.83197,24055
4.83887,25712
4.84577,27215
4.85265,25658
4.85955,25530
4.86645,24079
4.87333,25646
4.88023,25810
4.88713,24507
4.89403,26339
4.90092,24186
4.90782,24407
4.91472,25662
4.92162,23515
4.92850,22929
4.93540,22832
4.94230,21054
4.94918,20998
4.95608,20574
4.96298,21663
4.96988,21459
4.97677,19300
4.98367,20068
4.99057,19320
4.99745,19449
5.00435,18911
5.01125,17486
5.01815,19211
5.02503,17887
5.03193,18381
5.03883,16585
5.04573,18574
5.05262,18717
5.05952,18519
5.06642,16331
5.07330,15176
5.08020,17101
5.08710,15711
5.09400,15905
5.10088,15783
5.10778,16453
5.11468,15800
5.12157,15171
5.12847,15353
5.13537,15821
5.14227,15289
5.14915,15629
5.15605,16355
5.16295,14715
5.16985,15485
5.17673,15345
5.18363,13879
5.19053,14325
5.19742,13684
5.20432,12855
5.21122,12678
5.21812,12364
5.22500,12153
5.23190,12579
5.23880,12725
5.24570,13239
5.25258,12338
5.25948,12547
5.26638,13132
5.27327,11580
5.28017,12031
5.28707,11833
5.29397,12137
5.30085,12826
5.30775,12419
5.31465,13209
5.32153,11577
5.32843,12667
5.33533,11874
5.34223,11921
5.34912,11474
5.35602,11620
5.36292,11532
5.36982,12135
5.37670,11409
5.38360,11894
5.39050,11182
5.39738,12554
5.40428,11510
5.41118,12505
5.41808,11842
5.42497,13237
5.43187,11713
5.43877,12522
5.44567,13307
5.45255,14682
5.45945,13777
5.46635,13154
5.47323,13484
5.48013,13138
5.48703,12972
5.49393,12627
5.50082,12646
5.50772,13123
5.51462,12438
5.52150,12870
5.52840,13113
5.53530,12939
5.54220,12172
5.54908,14409
5.55598,13147
5.56288,11855
5.56978,11461
5.57667,12462
5.58357,13275
5.59047,11899
5.59735,11957
5.60425,11849
5.61115,11795
5.61805,10650
5.62493,11504
5.63183,11643
5.63873,11604
5.64563,11922
5.65252,11901
5.65942,10866
5.66632,10676
5.67320,10485
5.68010,11825
5.68700,11892
5.69390,11284
5.70078,11811
5.70768,11929
5.71458,12042
5.72147,11812
5.72837,11880
5.73527,11534
5.74217,11390
5.74905,11541
5.75595,12226
5.76285,11952
5.76975,10909
5.77663,10460
5.78353,10812
5.79043,10860
5.79732,10569
5.80422,10598
5.81112,11853
5.81802,12143
5.82490,11312
5.83180,11877
5.83870,11256
5.84558,10813
5.85248,11210
5.85938,9943
5.86628,11976
5.87317,11098
5.88007,12056
5.88697,10971
5.89387,10920
5.90075,11841
5.90765,10624
5.91455,10447
5.92143,11535
5.92833,11265
5.93523,11595
5.94213,10831
5.94902,10568
5.95592,11239
5.96282,10716
5.96972,11972
5.97660,11903
5.98350,10429
5.99040,11098
5.99728,11705
6.00418,10699
6.01108,9538
6.01798,11383
6.02487,11245
6.03177,12066
6.03867,10954
6.04555,11294
6.05245,12297
6.05935,11959
6.06625,11557
6.07313,11445
6.08003,11164
6.08693,10688
6.09383,11036
6.10072,11066
6.10762,10899
6.11452,10667
6.12140,10842
6.12830,10665
6.13520,10449
6.14210,10065
6.14898,10340
6.15588,10387
6.16278,11136
6.16968,11077
6.17657,11635
6.18347,11932
6.19037,11622
6.19725,10385
6.20415,11844
6.21105,10882
6.21795,9633
6.22483,11077
6.23173,11386
6.23863,11324
6.24552,9673
6.25242,10703
6.25932,11333
6.26622,11542
6.27310,11476
6.28000,11257
6.28690,10595
6.29380,11054
6.30068,9296
6.30758,10927
6.31448,10544
6.32137,10679
6.32827,9687
6.33517,11493
6.34207,11259
6.34895,10452
6.35585,11340
6.36275,11280
6.36965,10901
6.37653,9991
6.38343,11631
6.39033,10488
6.39722,11247
6.40412,10799
6.41102,9488
6.41792,11970
6.42480,10360
6.43170,10185
6.43860,10481
6.44548,11618
6.45238,11255
6.45928,10956
6.46618,11081
6.47307,9371
6.47997,10501
6.48687,9136
6.49377,10696
6.50065,9262
6.50755,11344
6.51445,10431
6.52133,10150
6.52823,9825
6.53513,10669
6.54203,10483
6.54892,10313
6.55582,10417
6.56272,10652
6.56962,10674
6.57650,9933
6.58340,11114
6.59030,10795
6.59718,10573
6.60408,10091
6.61098,11157
6.61788,11070
6.62477,11446
6.63167,11120
6.63857,9798
6.64545,10774
6.65235,12369
6.65925,10047
6.66615,11248
6.67303,10142
6.67993,10776
6.68683,10113
6.69373,10486
6.70062,10570
6.70752,9849
6.71442,10127
6.72130,10245
6.72820,10868
6.73510,10071
6.74200,10489
6.74888,10015
6.75578,11764
6.76268,11256
6.76958,10466
6.77647,10190
6.78337,9141
6.79027,10685
6.79715,10150
6.80405,10404
6.81095,9588
6.81785,10061
6.82473,10290
6.83163,10324
6.83853,10674
6.84542,9974
6.85232,9045
6.85922,9762
6.86612,10259
6.87300,10628
6.87990,11433
6.88680,11489
6.89370,11849
6.90058,13141
6.90748,12304
6.91438,12651
6.92127,13002
6.92817,12446
6.93507,11999
6.94197,13167
6.94885,12904
6.95575,11448
6.96265,11595
6.96955,11099
6.97643,11719
6.98333,11275
6.99023,10993
6.99712,11850
7.00402,12299
7.01092,10466
7.01782,10414
7.02470,11643
7.03160,11562
7.03850,11241
7.04538,11659
7.05228,12694
7.05918,11546
7.06608,12800
7.07297,12314
7.07987,11716
7.08677,11228
7.09367,11600
7.10055,10860
7.10745,10835
7.11435,11702
7.12123,12197
7.12813,10435
7.13503,11504
7.14193,14341
7.14882,14329
7.15572,14943
7.16262,14604
7.16950,15375
7.17640,15902
7.18330,15691
7.19020,14728
7.19708,15141
7.20398,14944
7.21088,14458
7.21778,13470
7.22467,13299
7.23157,13308
7.23847,12264
7.24535,12071
7.25225,12916
7.25915,11681
7.26605,12069
7.27293,11724
7.27983,10966
7.28673,10662
7.29363,11372
7.30052,12473
7.30742,10587
7.31432,10458
7.32120,11535
7.32810,9377
7.33500,9906
7.34190,10819
7.34878,10814
7.35568,9503
7.36258,10934
7.36947,9784
7.37637,9401
7.38327,9797
7.39017,10699
7.39705,10045
7.40395,9893
7.41085,9730
7.41775,9490
7.42463,10415
7.43153,10456
7.43843,10149
7.44532,8316
7.45222,9449
7.45912,9331
7.46602,9859
7.47290,10258
7.47980,10045
7.48670,10047
7.49360,10710
7.50048,9649
7.50738,10293
7.51428,9363
7.52117,10208
7.52807,10150
7.53497,10915
7.54187,9832
7.54875,10260
7.55565,10466
7.56255,9833
7.56943,9884
7.57633,8336
7.58323,10203
7.59013,9698
7.59702,10523
7.60392,9684
7.61082,8365
7.61772,8992
7.62460,9781
7.63150,9723
7.63840,10691
7.64528,9834
7.65218,9789
7.65908,9908
7.66598,8643
7.67287,9102
7.67977,8624
7.68667,9746
7.69357,9293
7.70045,8708
7.70735,10249
7.71425,8603
7.72113,9750
7.72803,8732
7.73493,9357
7.74183,8543
7.74872,9542
7.75562,9324
7.76252,8657
7.76940,9659
7.77630,8881
7.78320,9383
7.79010,8963
7.79698,9538
7.80388,9130
7.81078,8669
7.81768,9216
7.82457,8980
7.83147,8603
7.83837,9570
7.84525,9849
7.85215,9087
7.85905,8568
7.86595,8311
7.87283,8982
7.87973,8246
7.88663,8160
7.89352,9314
7.90042,8983
7.90732,8288
7.91422,7936
7.92110,8956
7.92800,8738
7.93490,8427
7.94180,8154
7.94868,8248
7.95558,9136
7.96248,8538
7.96937,9174
7.97627,8435
7.98317,8863
7.99007,9766
7.99695,8986
8.00385,9273
8.01075,8870
8.01765,9372
8.02453,8218
8.03143,9378
8.03833,8051
8.04522,8844
8.05212,8507
8.05902,9535
8.06592,8785
8.07280,8863
8.07970,8317
8.08660,9335
8.09348,8583
8.10038,9390
8.10728,8698
8.11418,9245
8.12107,8339
8.12797,7764
8.13487,8148
8.14177,9873
8.14865,9959
8.15555,8735
8.16245,8764
8.16933,8367
8.17623,7468
8.18313,8270
8.19003,8486
8.19692,8083
8.20382,8296
8.21072,8204
8.21762,8592
8.22450,7799
8.23140,8944
8.23830,9721
8.24518,7665
8.25208,8641
8.25898,8196
8.26588,9254
8.27277,9280
8.27967,8050
8.28657,7837
8.29345,8370
8.30035,8234
8.30725,8383
8.31415,8400
8.32103,8929
8.32793,8317
8.33483,7703
8.34173,8772
8.34862,8252
8.35552,8621
8.36242,9083
8.36930,7825
8.37620,9160
8.38310,9571
8.39000,8712
8.39688,8528
8.40378,8671
8.41068,9221
8.41758,9743
8.42447,10348
8.43137,12191
8.43827,14639
8.44515,19982
8.45205,25647
8.45895,28735
8.46585,32588
8.47273,33639
8.47963,32857
8.48653,28627
8.49342,27230
8.50032,22887
8.50722,22095
8.51412,19590
8.52100,18113
8.52790,16853
8.53480,14140
8.54170,14752
8.54858,13445
8.55548,12698
8.56238,12331
8.56927,11638
8.57617,12136
8.58307,12001
8.58997,10329
8.59685,11132
8.60375,9881
8.61065,7988
8.61755,8842
8.62443,8171
8.63133,8811
8.63823,8011
8.64512,8864
8.65202,9385
8.65892,8929
8.66582,7597
8.67270,7639
8.67960,8850
8.68650,8182
8.69338,8199
8.70028,8364
8.70718,7607
8.71408,7727
8.72097,8048
8.72787,7662
8.73477,8097
8.74167,8102
8.74855,8279
8.75545,8475
8.76235,7782
8.76923,8969
8.77613,8994
8.78303,8232
8.78993,8418
8.79682,8715
8.80372,9048
8.81062,8951
8.81750,10696
8.82440,13136
8.83130,13525
8.83820,14380
8.84508,15281
8.85198,15989
8.85888,14853
8.86578,16411
8.87267,15493
8.87957,13840
8.88647,13837
8.89335,12976
8.90025,13402
8.90715,14095
8.91405,12706
8.92093,12644
8.92783,11252
8.93473,10907
8.94163,12536
8.94852,10479
8.95542,11824
8.96232,12076
8.96920,10714
8.97610,10641
8.98300,10687
8.98990,9912
8.99678,10372
9.00368,9924
9.01058,9519
9.01747,9192
9.02437,9454
9.03127,10211
9.03817,10195
9.04505,10735
9.05195,8148
9.05885,8878
9.06575,9045
9.07263,8192
9.07953,8227
9.08643,8933
9.09332,8239
9.10022,8646
9.10712,8889
9.11402,8561
9.12090,8565
9.12780,8113
9.13470,8128
9.14160,8154
9.14848,8073
9.15538,8354
9.16228,8405
9.16917,8415
9.17607,8089
9.18297,8089
9.18987,8824
9.19675,8083
9.20365,8857
9.21055,8166
9.21743,8109
9.22433,8570
9.23123,8115
9.23813,9418
9.24502,8171
9.25192,8510
9.25882,8628
9.26572,8542
9.27260,8141
9.27950,8857
9.28640,7876
9.29328,8639
9.30018,8891
9.30708,8970
9.31398,9136
9.32087,7174
9.32777,7881
9.33467,7764
9.34157,7471
9.34845,7700
9.35535,8792
9.36225,8843
9.36913,7880
9.37603,8475
9.38293,8713
9.38983,8084
9.39672,8709
9.40362,8886
9.41052,8451
9.41740,8663
9.42430,7785
9.43120,8202
9.43810,8340
9.44498,7645
9.45188,8476
9.45878,9846
9.46568,9479
9.47257,10364
9.47947,11500
9.48637,12308
9.49325,14156
9.50015,14221
9.50705,12548
9.51395,12918
9.52083,11843
9.52773,10544
9.53463,11301
9.54153,10120
9.54842,9437
9.55532,10644
9.56222,9294
9.56910,8517
9.57600,9204
9.58290,8515
9.58980,8341
9.59668,8681
9.60358,8733
9.61048,8331
9.61737,7630
9.62427,7674
9.63117,7497
9.63807,8563
9.64495,9439
9.65185,9732
9.65875,10507
9.66565,11465
9.67253,13409
9.67943,14487
9.68633,15423
9.69322,13690
9.70012,13692
9.70702,14116
9.71392,13173
9.72080,11674
9.72770,11276
9.73460,10928
9.74150,10925
9.74838,9867
9.75528,9275
9.76218,9536
9.76907,8620
9.77597,9287
9.78287,9263
9.78977,9004
9.79665,8522
9.80355,9601
9.81045,8528
9.81733,8318
9.82423,8996
9.83113,8478
9.83803,7500
9.84492,9014
9.85182,8476
9.85872,7726
9.86562,8885
9.87250,8824
9.87940,9067
9.88630,8338
9.89318,7907
9.90008,8868
9.90698,9242
9.91388,8573
9.92077,9808
9.92767,8536
9.93457,8077
9.94145,8801
9.94835,7719
9.95525,8401
9.96215,7422
9.96903,8101
9.97593,7361
9.98283,7508
9.98973,7771
9.99662,8601
10.00352,7763
10.01042,8077
10.01730,7933
10.02420,7406
10.03110,7171
10.03800,7271
10.04488,7395
10.05178,7918
10.05868,7594
10.06558,7586
10.07247,6893
10.07937,7332
10.08627,7748
10.09315,7824
10.10005,8248
10.10695,7579
10.11385,8586
10.12073,7811
10.12763,7168
10.13453,7344
10.14142,7657
10.14832,7377
10.15522,8657
10.16212,8336
10.16900,7621
10.17590,7352
10.18280,8086
10.18970,7709
10.19658,7691
10.20348,7821
10.21038,7585
10.21727,6543
10.22417,6860
10.23107,7896
10.23797,7869
10.24485,7637
10.25175,9016
10.25865,6747
10.26555,7074
10.27243,7378
10.27933,7617
10.28623,6830
10.29312,7912
10.30002,7248
10.30692,7188
10.31382,7684
10.32070,7731
10.32760,6896
10.33450,7118
10.34138,7185
10.34828,6721
10.35518,7608
10.36208,7387
10.36897,7580
10.37587,7581
10.38277,8089
10.38967,6941
10.39655,8219
10.40345,7686
10.41035,7420
10.41723,6937
10.42413,8065
10.43103,6744
10.43793,7271
10.44482,7030
10.45172,7609
10.45862,7179
10.46552,7020
10.47240,6901
10.47930,7031
10.48620,6796
10.49308,7719
10.49998,7827
10.50688,7491
10.51378,6896
10.52067,7459
10.52757,7339
10.53447,8009
10.54135,7306
10.54825,8537
10.55515,7259
10.56205,7601
10.56893,7292
10.57583,7374
10.58273,7702
10.58963,7933
10.59652,7455
10.60342,7135
10.61032,6946
10.61720,7257
10.62410,6865
10.63100,7273
10.63790,7101
10.64478,7394
10.65168,6489
10.65858,6800
10.66547,7925
10.67237,7407
10.67927,7896
10.68617,7037
10.69305,7652
10.69995,7691
10.70685,8007
10.71375,7603
10.72063,8385
10.72753,6995
10.73443,7454
10.74132,7356
10.74822,6955
10.75512,7246
10.76202,7389
10.76890,7294
10.77580,7052
10.78270,7271
10.78960,6931
10.79648,6740
10.80338,9058
10.81028,7900
10.81717,6645
10.82407,7200
10.83097,7706
10.83787,7257
10.84475,8669
10.85165,7618
10.85855,7636
10.86543,8552
10.87233,7269
10.87923,7700
10.88613,7221
10.89302,8439
10.89992,8024
10.90682,7499
10.91372,7610
10.92060,6314
10.92750,7429
10.93440,7563
10.94128,7231
10.94818,7535
10.95508,6994
10.96198,7388
10.96887,8292
10.97577,6510
10.98267,7315
10.98957,8120
10.99645,6986
11.00335,7584
11.01025,8566
11.01713,7338
11.02403,7914
11.03093,7723
11.03783,8639
11.04472,7926
11.05162,7638
11.05852,7266
11.06540,6763
11.07230,6852
11.07920,7073
11.08610,7513
11.09298,6361
11.09988,7187
11.10678,6876
11.11368,6451
11.12057,7473
11.12747,8122
11.13437,7523
11.14125,6788
11.14815,6939
11.15505,7161
11.16195,7482
11.16883,7097
11.17573,7666
11.18263,7647
11.18953,7100
11.19642,6765
11.20332,8283
11.21022,7085
11.21710,7168
11.22400,6443
11.23090,7055
11.23780,7475
11.24468,6990
11.25158,7677
11.25848,7956
11.26537,7241
11.27227,6117
11.27917,6547
11.28607,7476
11.29295,7077
11.29985,7262
11.30675,7316
11.31365,7170
11.32053,7647
11.32743,7972
11.33433,6593
11.34122,7144
11.34812,8520
11.35502,6975
11.36192,7336
11.36880,6525
11.37570,6803
11.38260,6896
11.38948,8736
11.39638,6926
11.40328,7455
11.41018,6622
11.41707,6563
11.42397,6458
11.43087,6658
11.43777,6682
11.44465,6784
11.45155,6843
11.45845,7060
11.46533,8465
11.47223,7139
11.47913,7022
11.48603,7065
11.49292,7087
11.49982,8645
11.50672,7869
11.51362,7236
11.52050,7831
11.52740,7948
11.53430,8416
11.54118,8363
11.54808,7364
11.55498,9602
11.56188,7880
11.56877,7450
11.57567,8148
11.58257,7547
11.58945,8227
11.59635,7670
11.60325,6619
11.61015,6857
11.61703,7101
11.62393,8188
11.63083,7671
11.63773,7292
11.64462,7308
11.65152,7241
11.65842,7002
11.66530,6868
11.67220,7976
11.67910,7778
11.68600,7318
11.69288,7258
11.69978,5705
11.70668,7832
11.71358,7101
11.72047,7453
11.72737,7186
11.73427,7383
11.74115,6291
11.74805,7449
11.75495,7664
11.76185,8045
11.76873,7632
11.77563,6319
11.78253,6824
11.78942,6930
11.79632,6681
11.80322,7211
11.81012,7358
11.81700,6927
11.82390,7901
11.83080,6839
11.83770,6558
11.84458,7297
11.85148,7569
11.85838,7710
11.86527,7037
11.87217,8020
11.87907,7226
11.88597,7425
11.89285,6559
11.89975,7520
11.90665,7024
11.91355,7345
11.92043,7672
11.92733,7137
11.93423,7016
11.94112,7349
11.94802,6984
11.95492,7231
11.96182,6876
11.96870,6586
11.97560,7169
11.98250,8304
11.98938,8189
11.99628,9230
12.00318,11418
12.01008,13318
12.01697,14704
12.02387,17064
12.03077,15953
12.03767,16538
12.04455,14944
12.05145,14168
12.05835,13924
12.06523,11785
12.07213,10507
12.07903,10274
12.08593,8575
12.09282,9216
12.09972,8329
12.10662,7277
12.11352,6950
12.12040,6894
12.12730,7971
12.13420,7370
12.14108,7031
12.14798,6235
12.15488,7500
12.16178,7251
12.16867,7153
12.17557,6356
12.18247,6977
12.18935,6935
12.19625,7112
12.20315,6541
12.21005,7267
12.21693,7469
12.22383,7293
12.23073,6311
12.23763,7173
12.24452,7644
12.25142,6427
12.25832,7423
12.26520,6523
12.27210,7565
12.27900,7381
12.28590,8103
12.29278,7642
12.29968,6083
12.30658,7401
12.31348,6212
12.32037,7223
12.32727,7465
12.33417,7385
12.34105,7225
12.34795,5414
12.35485,6969
12.36175,6156
12.36863,7180
12.37553,6821
12.38243,6590
12.38932,7347
12.39622,5929
12.40312,7773
12.41002,6524
12.41690,6314
12.42380,6603
12.43070,6376
12.43760,6180
12.44448,6211
12.45138,7229
12.45828,7411
12.46517,6467
12.47207,6091
12.47897,6742
12.48587,6922
12.49275,7239
12.49965,6821
12.50655,7332
12.51345,6431
12.52033,7241
12.52723,6887
12.53413,6857
12.54102,7443
12.54792,6721
12.55482,6710
12.56172,6543
12.56860,6274
12.57550,6460
12.58240,7931
12.58928,6749
12.59618,6851
12.60308,6577
12.60998,6902
12.61687,8092
12.62377,6732
12.63067,6547
12.63757,6554
12.64445,6282
12.65135,6108
12.65825,6444
12.66513,6411
12.67203,7248
12.67893,7885
12.68583,6726
12.69272,7205
12.69962,7907
12.70652,8701
12.71340,7117
12.72030,7889
12.72720,6915
12.73410,6693
12.74098,6840
12.74788,6927
12.75478,7222
12.76168,7472
12.76857,6255
12.77547,6609
12.78237,7833
12.78925,8522
12.79615,8666
12.80305,8570
12.80995,7131
12.81683,6622
12.82373,8380
12.83063,8070
12.83753,9090
12.84442,11980
12.85132,16250
12.85822,21103
12.86510,26188
12.87200,29102
12.87890,30504
12.88580,30076
12.89268,25239
12.89958,21865
12.90648,16849
12.91337,13873
12.92027,10873
12.92717,9382
12.93407,8594
12.94095,7398
12.94785,7054
12.95475,8154
12.96165,7498
12.96853,6985
12.97543,8579
12.98233,6984
12.98922,7307
12.99612,7144
13.00302,6563
13.00992,7386
13.01680,8225
13.02370,8233
13.03060,7870
13.03750,6595
13.04438,6879
13.05128,6288
13.05818,6553
13.06507,6065
13.07197,7111
13.07887,6594
13.08577,7046
13.09265,7296
13.09955,6590
13.10645,6714
13.11333,7144
13.12023,7024
13.12713,7041
13.13403,6356
13.14092,6882
13.14782,7048
13.15472,6009
13.16162,6972
13.16850,6999
13.17540,7788
13.18230,6796
13.18918,7029
13.19608,6910
13.20298,6467
13.20988,6909
13.21677,7073
13.22367,6331
13.23057,6384
13.23747,7994
13.24435,6164
13.25125,6171
13.25815,5396
13.26503,7261
13.27193,6812
13.27883,6880
13.28573,6931
13.29262,6142
13.29952,6994
13.30642,6495
13.31330,7094
13.32020,7682
13.32710,7422
13.33400,6770
13.34088,6954
13.34778,7455
13.35468,6030
13.36158,7932
13.36847,6799
13.37537,6958
13.38227,6513
13.38915,7541
13.39605,7097
13.40295,7324
13.40985,6243
13.41673,6471
13.42363,8288
13.43053,5796
13.43742,6121
13.44432,6832
13.45122,6996
13.45812,6496
13.46500,6913
13.47190,6657
13.47880,6488
13.48570,6089
13.49258,6152
13.49948,6733
13.50638,7670
13.51327,6386
13.52017,6944
13.52707,6910
13.53397,7539
13.54085,6399
13.54775,6238
13.55465,6619
13.56155,6277
13.56843,5830
13.57533,7825
13.58223,6155
13.58912,5581
13.59602,6176
13.60292,6997
13.60982,6207
13.61670,5919
13.62360,6497
13.63050,7189
13.63738,7427
13.64428,6446
13.65118,6050
13.65808,6951
13.66497,5861
13.67187,6380
13.67877,6353
13.68567,5569
13.69255,6808
13.69945,5553
13.70635,6674
13.71323,6454
13.72013,6013
13.72703,7082
13.73393,7760
13.74082,6322
13.74772,6804
13.75462,6575
13.76152,7168
13.76840,6496
13.77530,5732
13.78220,7112
13.78908,6715
13.79598,6702
13.80288,6957
13.80978,6348
13.81667,7157
13.82357,6755
13.83047,6107
13.83735,6811
13.84425,5854
13.85115,6951
13.85805,6068
13.86493,6294
13.87183,6030
13.87873,6381
13.88563,6382
13.89252,6300
13.89942,6178
13.90632,7822
13.91320,6872
13.92010,6320
13.92700,6347
13.93390,7118
13.94078,6624
13.94768,6763
13.95458,7936
13.96148,5745
13.96837,5478
13.97527,6934
13.98217,6857
13.98905,6637
13.99595,6452
14.00285,6611
14.00975,5904
14.01663,6653
14.02353,6517
14.03043,6146
14.03732,6357
14.04422,6105
14.05112,5974
14.05802,6789
14.06490,6582
14.07180,5859
14.07870,6337
14.08560,6162
14.09248,6675
14.09938,6035
14.10628,6659
14.11317,5175
14.12007,6318
14.12697,5908
14.13387,6063
14.14075,5825
14.14765,6647
14.15455,6015
14.16143,5771
14.16833,6548
14.17523,7277
14.18213,5975
14.18902,6039
14.19592,6000
14.20282,6408
14.20972,7181
14.21660,6501
14.22350,6165
14.23040,6968
14.23728,6159
14.24418,5851
14.25108,5700
14.25798,6484
14.26487,5118
14.27177,6383
14.27867,6562
14.28557,5742
14.29245,6736
14.29935,6146
14.30625,5820
14.31313,8077
14.32003,5968
14.32693,6290
14.33383,7162
14.34072,7292
14.34762,5976
14.35452,6853
14.36140,6721
14.36830,6757
14.37520,6230
14.38210,8203
14.38898,6496
14.39588,7781
14.40278,7171
14.40968,6700
14.41657,6949
14.42347,6403
14.43037,7462
14.43725,6659
14.44415,6830
14.45105,7193
14.45795,6415
14.46483,6902
14.47173,7425
14.47863,8021
14.48553,10307
14.49242,10431
14.49932,13226
14.50622,12312
14.51310,13616
14.52000,14468
14.52690,14391
14.53380,14872
14.54068,15243
14.54758,13996
14.55448,11574
14.56137,10338
14.56827,9615
14.57517,7489
14.58207,7338
14.58895,6370
14.59585,6205
14.60275,6540
14.60965,6788
14.61653,6771
14.62343,6167
14.63033,7076
14.63722,6864
14.64412,6651
14.65102,7827
14.65792,6339
14.66480,6912
14.67170,5913
14.67860,5980
14.68550,6614
14.69238,5621
14.69928,5920
14.70618,6303
14.71307,5931
14.71997,6307
14.72687,6141
14.73377,6769
14.74065,6502
14.74755,7039
14.75445,6003
14.76133,7253
14.76823,6413
14.77513,6878
14.78203,5823
14.78892,6757
14.79582,7043
14.80272,6983
14.80962,7274
14.81650,4954
14.82340,6545
14.83030,6407
14.83718,5733
14.84408,6427
14.85098,6509
14.85788,6933
14.86477,6663
14.87167,6183
14.87857,6415
14.88547,6202
14.89235,6127
14.89925,5916
14.90615,6662
14.91303,6362
14.91993,7151
14.92683,6439
14.93373,6424
14.94062,6360
14.94752,6332
14.95442,7069
14.96130,5814
14.96820,5884
14.97510,5847
14.98200,6905
14.98888,7432
14.99578,6993
15.00268,5567
15.00958,6167
15.01647,6094
15.02337,6635
15.03027,5918
15.03715,6248
15.04405,6255
15.05095,5618
15.05785,6346
15.06473,6240
15.07163,6778
15.07853,7451
15.08543,6208
15.09232,5515
15.09922,5970
15.10612,5500
15.11300,5769
15.11990,5684
15.12680,6170
15.13370,6290
15.14058,6367
15.14748,5336
15.15438,6046
15.16127,5753
15.16817,5975
15.17507,6100
15.18197,6483
15.18885,7387
15.19575,6005
15.20265,6299
15.20955,5782
15.21643,5483
15.22333,6304
15.23023,6419
15.23712,6630
15.24402,5285
15.25092,6434
15.25782,6349
15.26470,5966
15.27160,6702
15.27850,6476
15.28540,6172
15.29228,7752
15.29918,6021
15.30608,6553
15.31297,5586
15.31987,5212
15.32677,6054
15.33367,5803
15.34055,5187
15.34745,6738
15.35435,5238
15.36123,5992
15.36813,6454
15.37503,5948
15.38193,5236
15.38882,5765
15.39572,6287
15.40262,6387
15.40952,5713
15.41640,6411
15.42330,7312
15.43020,5530
15.43708,6275
15.44398,5512
15.45088,6534
15.45778,6001
15.46467,5813
15.47157,5423
15.47847,5377
15.48535,5397
15.49225,5381
15.49915,6247
15.50605,5900
15.51293,5678
15.51983,5562
15.52673,5591
15.53363,6409
15.54052,5545
15.54742,6257
15.55432,7046
15.56120,5460
15.56810,5763
15.57500,5525
15.58190,5995
15.58878,4957
15.59568,5736
15.60258,6719
15.60948,5495
15.61637,5755
15.62327,5846
15.63017,6119
15.63705,5841
15.64395,5543
15.65085,7141
15.65775,6867
15.66463,6260
15.67153,6746
15.67843,5851
15.68532,7015
15.69222,5422
15.69912,6334
15.70602,5831
15.71290,6282
15.71980,6047
15.72670,6139
15.73360,6001
15.74048,6362
15.74738,5820
15.75428,6419
15.76117,6116
15.76807,5888
15.77497,6063
15.78187,5099
15.78875,6239
15.79565,6217
15.80255,5709
15.80945,5841
15.81633,6130
15.82323,6078
15.83013,5646
15.83702,6349
15.84392,6776
15.85082,6075
15.85772,6581
15.86460,4864
15.87150,5680
15.87840,7142
15.88528,6025
15.89218,6043
15.89908,6122
15.90598,5576
15.91287,5892
15.91977,5947
15.92667,6989
15.93357,6284
15.94045,6026
15.94735,6025
15.95425,6899
15.96113,6797
15.96803,6041
15.97493,7895
15.98183,6374
15.98872,5503
15.99562,5789
16.00252,5634
16.00942,5534
16.01630,6218
16.02320,5575
16.03010,5920
16.03698,5402
16.04388,6880
16.05078,6517
16.05768,6400
16.06457,6501
16.07147,6038
16.07837,6118
16.08525,5918
16.09215,6289
16.09905,6375
16.10595,6837
16.11283,5615
16.11973,6474
16.12663,5809
16.13353,5243
16.14042,5663
16.14732,6806
16.15422,5781
16.16110,5579
16.16800,5751
16.17490,5438
16.18180,5775
16.18868,6132
16.19558,7016
16.20248,6231
16.20937,6106
16.21627,5233
16.22317,7386
16.23007,6106
16.23695,5844
16.24385,6011
16.25075,7014
16.25765,6347
16.26453,5949
16.27143,5254
16.27833,6234
16.28522,6260
16.29212,6023
16.29902,6536
16.30592,6428
16.31280,7047
16.31970,6356
16.32660,5559
16.33350,6095
16.34038,5655
16.34728,6012
16.35418,5270
16.36107,6075
16.36797,5392
16.37487,6377
16.38177,6748
16.38865,6922
16.39555,6654
16.40245,5610
16.40933,6529
16.41623,6499
16.42313,6345
16.43003,6236
16.43692,6273
16.44382,6579
16.45072,6029
16.45762,5988
16.46450,5974
16.47140,6428
16.47830,6188
16.48518,7394
16.49208,6801
16.49898,5866
16.50588,6634
16.51277,5949
16.51967,6404
16.52657,5113
16.53347,6562
16.54035,6337
16.54725,6108
16.55415,6374
16.56103,6493
16.56793,5152
16.57483,7457
16.58173,5721
16.58862,6664
16.59552,5639
16.60242,6288
16.60930,6085
16.61620,6127
16.62310,6367
16.63000,4808
16.63688,5925
16.64378,6094
16.65068,5400
16.65758,6563
16.66447,6215
16.67137,5383
16.67827,6094
16.68515,6257
16.69205,6369
16.69895,5912
16.70585,6228
16.71273,5474
16.71963,5468
16.72653,6508
16.73343,5692
16.74032,6262
16.74722,6004
16.75412,6341
16.76100,8256
16.76790,7369
16.77480,6827
16.78170,7609
16.78858,6237
16.79548,5610
16.80238,5766
16.80927,6248
16.81617,6104
16.82307,6029
16.82997,6838
16.83685,6229
16.84375,6811
16.85065,6266
16.85755,6628
16.86443,6134
16.87133,6794
16.87823,6419
16.88512,6651
16.89202,6166
16.89892,6503
16.90582,7303
16.91270,9900
16.91960,12242
16.92650,15458
16.93340,19571
16.94028,22048
16.94718,23649
16.95408,21127
16.96097,18234
16.96787,15007
16.97477,11865
16.98167,9242
16.98855,7843
16.99545,7003
17.00235,6933
17.00923,6261
17.01613,6690
17.02303,6365
17.02993,6678
17.03682,7152
17.04372,7920
17.05062,8563
17.05752,11701
17.06440,14696
17.07130,16907
17.07820,21496
17.08508,20036
17.09198,19466
17.09888,16054
17.10578,13165
17.11267,9837
17.11957,8629
17.12647,6416
17.13335,6291
17.14025,6093
17.14715,5394
17.15405,6414
17.16093,7337
17.16783,5624
17.17473,6586
17.18163,6642
17.18852,7032
17.19542,6787
17.20232,5880
17.20920,5759
17.21610,5962
17.22300,6739
17.22990,5895
17.23678,6542
17.24368,6764
17.25058,6712
17.25748,6402
17.26437,6246
17.27127,7045
17.27817,5920
17.28505,5884
17.29195,5856
17.29885,6004
17.30575,6310
17.31263,6756
17.31953,6761
17.32643,6324
17.33332,6683
17.34022,6846
17.34712,6403
17.35402,6203
17.36090,6512
17.36780,6628
17.37470,5481
17.38160,5291
17.38848,5909
17.39538,5368
17.40228,5965
17.40917,5235
17.41607,5906
17.42297,6515
17.42987,5043
17.43675,5007
17.44365,6208
17.45055,5583
17.45745,5613
17.46433,5914
17.47123,6091
17.47813,6254
17.48502,6510
17.49192,6003
17.49882,5528
17.50572,5522
17.51260,5650
17.51950,5888
17.52640,6539
17.53328,6412
17.54018,5718
17.54708,6203
17.55398,5601
17.56087,5937
17.56777,6171
17.57467,5590
17.58157,6495
17.58845,6197
17.59535,5896
17.60225,5601
17.60913,5518
17.61603,6189
17.62293,5604
17.62983,6176
17.63672,6281
17.64362,5752
17.65052,6245
17.65742,6171
17.66430,7330
17.67120,5669
17.67810,5666
17.68498,6557
17.69188,5673
17.69878,5570
17.70568,7023
17.71257,5972
17.71947,5541
17.72637,6273
17.73325,6026
17.74015,5689
17.74705,5987
17.75395,5704
17.76083,5002
17.76773,5066
17.77463,6122
17.78153,5182
17.78842,5824
17.79532,5415
17.80222,5982
17.80910,6473
17.81600,5117
17.82290,5887
17.82980,5495
17.83668,6058
17.84358,5780
17.85048,5455
17.85738,5453
17.86427,5602
17.87117,5125
17.87807,6745
17.88495,4973
17.89185,6181
17.89875,7296
17.90565,6141
17.91253,5590
17.91943,5874
17.92633,4890
17.93322,5705
17.94012,5478
17.94702,5460
17.95392,6022
17.96080,5526
17.96770,5204
17.97460,5477
17.98150,5710
17.98838,6212
17.99528,6549
18.00218,5458
18.00907,6040
18.01597,5360
18.02287,6065
18.02977,5803
18.03665,6063
18.04355,5652
18.05045,5298
18.05735,7426
18.06423,6577
18.07113,5722
18.07803,5903
18.08492,5851
18.09182,5637
18.09872,5907
18.10562,5241
18.11250,5542
18.11940,6590
18.12630,6767
18.13318,6353
18.14008,5496
18.14698,6928
18.15388,5405
18.16077,6566
18.16767,5558
18.17457,5769
18.18147,5624
18.18835,6404
18.19525,5677
18.20215,6567
18.20903,5724
18.21593,6181
18.22283,4783
18.22973,5706
18.23662,5757
18.24352,5689
18.25042,5608
18.25730,5653
18.26420,5387
18.27110,5410
18.27800,5553
18.28488,5644
18.29178,5456
18.29868,5267
18.30558,5632
18.31247,6399
18.31937,5913
18.32627,4953
18.33315,5123
18.34005,5250
18.34695,5231
18.35385,6320
18.36073,5766
18.36763,5701
18.37453,5397
18.38143,7085
18.38832,6545
18.39522,5258
18.40212,5855
18.40900,6105
18.41590,5175
18.42280,6084
18.42970,5171
18.43658,6262
18.44348,5784
18.45038,5790
18.45727,5755
18.46417,5820
18.47107,5637
18.47797,6436
18.48485,5473
18.49175,5704
18.49865,6282
18.50555,6308
18.51243,5336
18.51933,5993
18.52623,5828
18.53312,5303
18.54002,6748
18.54692,5708
18.55382,6557
18.56070,6887
18.56760,7184
18.57450,6864
18.58140,7091
18.58828,8161
18.59518,6571
18.60208,6635
18.60897,6079
18.61587,6020
18.62277,6012
18.62967,5455
18.63655,6733
18.64345,5824
18.65035,6568
18.65723,6715
18.66413,6396
18.67103,5927
18.67793,5989
18.68482,5651
18.69172,5182
18.69862,6909
18.70552,6287
18.71240,5920
18.71930,5658
18.72620,5858
18.73308,7238
18.73998,6281
18.74688,5318
18.75378,6600
18.76067,5650
18.76757,6735
18.77447,6791
18.78137,6010
18.78825,6097
18.79515,5111
18.80205,6989
18.80893,5513
18.81583,4887
18.82273,5876
18.82963,5733
18.83652,6884
18.84342,5729
18.85032,6721
18.85720,6825
18.86410,6029
18.87100,4735
18.87790,6006
18.88478,5724
18.89168,6005
18.89858,6448
18.90548,5284
18.91237,5471
18.91927,5888
18.92617,5804
18.93305,5645
18.93995,5565
18.94685,4800
18.95375,4993
18.96063,5632
18.96753,5750
18.97443,5768
18.98132,5601
18.98822,5616
18.99512,5705
19.00202,5813
19.00890,6341
19.01580,5745
19.02270,5851
19.02960,6242
19.03648,5630
19.04338,8700
19.05028,11173
19.05717,16475
19.06407,21406
19.07097,29066
19.07787,30816
19.08475,31631
19.09165,25519
19.09855,22783
19.10545,19416
19.11233,16893
19.11923,13571
19.12613,11260
19.13302,10779
19.13992,11468
19.14682,11186
19.15372,14208
19.16060,16912
19.16750,22881
19.17440,25884
19.18128,26499
19.18818,25155
19.19508,23137
19.20198,18632
19.20887,15480
19.21577,11816
19.22267,13397
19.22957,12295
19.23645,12808
19.24335,12720
19.25025,11415
19.25713,10166
19.26403,9346
19.27093,9039
19.27783,7333
19.28472,7340
19.29162,7545
19.29852,6505
19.30542,7305
19.31230,8128
19.31920,6864
19.32610,6565
19.33298,6386
19.33988,6410
19.34678,7241
19.35368,6597
19.36057,6551
19.36747,6843
19.37437,6519
19.38125,5937
19.38815,6553
19.39505,6356
19.40195,6020
19.40883,6041
19.41573,5916
19.42263,7887
19.42953,6158
19.43642,6687
19.44332,5614
19.45022,6558
19.45710,6968
19.46400,5667
19.47090,5577
19.47780,5400
19.48468,6505
19.49158,5626
19.49848,5988
19.50538,6238
19.51227,6057
19.51917,6061
19.52607,6905
19.53295,6100
19.53985,6375
19.54675,7475
19.55365,6528
19.56053,6777
19.56743,6711
19.57433,7301
19.58122,6444
19.58812,6057
19.59502,6428
19.60192,7004
19.60880,6689
19.61570,6651
19.62260,6430
19.62950,5860
19.63638,6836
19.64328,5502
19.65018,5074
19.65707,5941
19.66397,5777
19.67087,5447
19.67777,6677
19.68465,5232
19.69155,5533
19.69845,5981
19.70533,5094
19.71223,5924
19.71913,6838
19.72603,5879
19.73292,6356
19.73982,5535
19.74672,5887
19.75362,5165
19.76050,5546
19.76740,6169
19.77430,5693
19.78118,5794
19.78808,5214
19.79498,6666
19.80188,6186
19.80877,5316
19.81567,5717
19.82257,5792
19.82947,6750
19.83635,7673
19.84325,5229
19.85015,6217
19.85703,5497
19.86393,5251
19.87083,6562
19.87773,6350
19.88462,5977
19.89152,5623
19.89842,5731
19.90530,6202
19.91220,5737
19.91910,5668
19.92600,5883
19.93288,6072
19.93978,5769
19.94668,6409
19.95358,5829
19.96047,5427
19.96737,5509
19.97427,5500
19.98115,6432
19.98805,6407
19.99495,6466
20.00185,6168
20.00873,5613
20.01563,5699
20.02253,5997
20.02943,5514
20.03632,5142
20.04322,5025
20.05012,6026
20.05700,5617
20.06390,5904
20.07080,5566
20.07770,5494
20.08458,5905
20.09148,6050
20.09838,6378
20.10527,5896
20.11217,5696
20.11907,6789
20.12597,5423
20.13285,5490
20.13975,5339
20.14665,5202
20.15355,5490
20.16043,5381
20.16733,5680
20.17423,5668
20.18112,6039
20.18802,5982
20.19492,6092
20.20182,5418
20.20870,5389
20.21560,5191
20.22250,5412
20.22940,6174
20.23628,5584
20.24318,5980
20.25008,5467
20.25697,5641
20.26387,6310
20.27077,5690
20.27767,6346
20.28455,5574
20.29145,6499
20.29835,6028
20.30523,5383
20.31213,4700
20.31903,6154
20.32593,5574
20.33282,5380
20.33972,5320
20.34662,6148
20.35352,6206
20.36040,5543
20.36730,4951
20.37420,5595
20.38108,5319
20.38798,5225
20.39488,5699
20.40178,6205
20.40867,5817
20.41557,5648
20.42247,6657
20.42937,6349
20.43625,5054
20.44315,5715
20.45005,5821
20.45693,6381
20.46383,5414
20.47073,5668
20.47763,4713
20.48452,6374
20.49142,6180
20.49832,5471
20.50520,6353
20.51210,4935
20.51900,5975
20.52590,5537
20.53278,5202
20.53968,5277
20.54658,5372
20.55348,5300
20.56037,5406
20.56727,6028
20.57417,6536
20.58105,5653
20.58795,5709
20.59485,5848
20.60175,5080
20.60863,5572
20.61553,6265
20.62243,6080
20.62933,5942
20.63622,5996
20.64312,5934
20.65002,5430
20.65690,6479
20.66380,5981
20.67070,5411
20.67760,5657
20.68448,5518
20.69138,6247
20.69828,5202
20.70517,5492
20.71207,4983
20.71897,5903
20.72587,6433
20.73275,6557
20.73965,6401
20.74655,6127
20.75345,7856
20.76033,6313
20.76723,6463
20.77413,6983
20.78102,6801
20.78792,6738
20.79482,6794
20.80172,6619
20.80860,6522
20.81550,5555
20.82240,5682
20.82930,6883
20.83618,6324
20.84308,5844
20.84998,5868
20.85687,6911
20.86377,6631
20.87067,6544
20.87757,7061
20.88445,7883
20.89135,9889
20.89825,11712
20.90513,13710
20.91203,15255
20.91893,14898
20.92583,15715
20.93272,14774
20.93962,11920
20.94652,10872
20.95342,10257
20.96030,10207
20.96720,6928
20.97410,6552
20.98098,6164
20.98788,6633
20.99478,5943
21.00168,5800
21.00857,6200
21.01547,6429
21.02237,5342
21.02925,5805
21.03615,5697
21.04305,5639
21.04995,6277
21.05683,5619
21.06373,5730
21.07063,5900
21.07753,4920
21.08442,5611
21.09132,5245
21.09822,5067
21.10510,5009
21.11200,5564
21.11890,5756
21.12580,5883
21.13268,7371
21.13958,6099
21.14648,5289
21.15338,5713
21.16027,6110
21.16717,5871
21.17407,5357
21.18095,5608
21.18785,5728
21.19475,6092
21.20165,5121
21.20853,5443
21.21543,5404
21.22233,6051
21.22922,6314
21.23612,5794
21.24302,5513
21.24992,6546
21.25680,7241
21.26370,10195
21.27060,12105
21.27750,16085
21.28438,15771
21.29128,14968
21.29818,15357
21.30507,13220
21.31197,11138
21.31887,9290
21.32577,9273
21.33265,8650
21.33955,9377
21.34645,8341
21.35335,8981
21.36023,6989
21.36713,6547
21.37403,6910
21.38092,7608
21.38782,9028
21.39472,11912
21.40162,17419
21.40850,26472
21.41540,40109
21.42230,57415
21.42918,71429
21.43608,73088
21.44298,66750
21.44988,55317
21.45677,39562
21.46367,24465
21.47057,17039
21.47747,12466
21.48435,9146
21.49125,8977
21.49815,7421
21.50503,6842
21.51193,6773
21.51883,6969
21.52573,5924
21.53262,7260
21.53952,6180
21.54642,5993
21.55332,6840
21.56020,5701
21.56710,7341
21.57400,6501
21.58088,6212
21.58778,6955
21.59468,6961
21.60158,8185
21.60847,5838
21.61537,5799
21.62227,6047
21.62915,6192
21.63605,6818
21.64295,7820
21.64985,6109
21.65673,6250
21.66363,5938
21.67053,6675
21.67743,6546
21.68432,5587
21.69122,6177
21.69812,5764
21.70500,5944
21.71190,6305
21.71880,5850
21.72570,7536
21.73258,6038
21.73948,5432
21.74638,6639
21.75327,6142
21.76017,6882
21.76707,7128
21.77397,5510
21.78085,7534
21.78775,6170
21.79465,5467
21.80155,6305
21.80843,6380
21.81533,6538
21.82223,5929
21.82912,5931
21.83602,6335
21.84292,5814
21.84982,5315
21.85670,6533
21.86360,5886
21.87050,6232
21.87740,6226
21.88428,5800
21.89118,6210
21.89808,5740
21.90497,5828
21.91187,5731
21.91877,6197
21.92567,6920
21.93255,6978
21.93945,7386
21.94635,8402
21.95323,11070
21.96013,11576
21.96703,10604
21.97393,11368
21.98082,12863
21.98772,10432
21.99462,9402
22.00152,9344
22.00840,7700
22.01530,7536
22.02220,7738
22.02908,8850
22.03598,6861
22.04288,6643
22.04978,8080
22.05667,6479
22.06357,5758
22.07047,6907
22.07737,6520
22.08425,6169
22.09115,6055
22.09805,6277
22.10493,6680
22.11183,6674
22.11873,5792
22.12563,5936
22.13252,5748
22.13942,6390
22.14632,5293
22.15320,6727
22.16010,6231
22.16700,6008
22.17390,5328
22.18078,5109
22.18768,5875
22.19458,6504
22.20148,5240
22.20837,6765
22.21527,5818
22.22217,6282
22.22905,5641
22.23595,5854
22.24285,6544
22.24975,6288
22.25663,5524
22.26353,5639
22.27043,5899
22.27733,5567
22.28422,5170
22.29112,5652
22.29802,5487
22.30490,6164
22.31180,6297
22.31870,5905
22.32560,5357
22.33248,6253
22.33938,6226
22.34628,6320
22.35317,6935
22.36007,6827
22.36697,6269
22.37387,5282
22.38075,5497
22.38765,6082
22.39455,6916
22.40145,6888
22.40833,6303
22.41523,7258
22.42213,6443
22.42902,7386
22.43592,8903
22.44282,10002
22.44972,12645
22.45660,14814
22.46350,14614
22.47040,13698
22.47728,11862
22.48418,9985
22.49108,9130
22.49798,7174
22.50487,6453
22.51177,5703
22.51867,7477
22.52557,6379
22.53245,6670
22.53935,6187
22.54625,6365
22.55313,6041
22.56003,7081
22.56693,5784
22.57383,5327
22.58072,6218
22.58762,6219
22.59452,5837
22.60142,6259
22.60830,5477
22.61520,6483
22.62210,6589
22.62898,6160
22.63588,6179
22.64278,7735
22.64968,6808
22.65657,6374
22.66347,5873
22.67037,5925
22.67725,6391
22.68415,6186
22.69105,6359
22.69795,6241
22.70483,5958
22.71173,6324
22.71863,5990
22.72553,6010
22.73242,6416
22.73932,6288
22.74622,6435
22.75310,5622
22.76000,6112
22.76690,5403
22.77380,5953
22.78068,6425
22.78758,7642
22.79448,9405
22.80138,9953
22.80827,11288
22.81517,11062
22.82207,9217
22.82895,8257
22.83585,8393
22.84275,7303
22.84965,7710
22.85653,7180
22.86343,6716
22.87033,6853
22.87722,6701
22.88412,6869
22.89102,6928
22.89792,5786
22.90480,7125
22.91170,6854
22.91860,6867
22.92550,6343
22.93238,6676
22.93928,7209
22.94618,5975
22.95307,6143
22.95997,6109
22.96687,6075
22.97377,6159
22.98065,7679
22.98755,6612
22.99445,6026
23.00135,6755
23.00823,7204
23.01513,7373
23.02203,5906
23.02892,6320
23.03582,7136
23.04272,5846
23.04962,5553
23.05650,6327
23.06340,6564
23.07030,6147
23.07718,5916
23.08408,5780
23.09098,5653
23.09788,5548
23.10477,6025
23.11167,6188
23.11857,5862
23.12547,6547
23.13235,6170
23.13925,6046
23.14615,6103
23.15303,7279
23.15993,5677
23.16683,5360
23.17373,5984
23.18062,7192
23.18752,5994
23.19442,6919
23.20132,6351
23.20820,6072
23.21510,6080
23.22200,6603
23.22888,6135
23.23578,5624
23.24268,5774
23.24958,6876
23.25647,5689
23.26337,6453
23.27027,5410
23.27715,5388
23.28405,6386
23.29095,6143
23.29785,6841
23.30473,6586
23.31163,8758
23.31853,14340
23.32543,31836
23.33232,62569
23.33922,122077
23.34612,217112
23.35300,321057
23.35990,413986
23.36680,461243
23.37370,427078
23.38058,351309
23.38748,252720
23.39438,180165
23.40128,120255
23.40817,86024
23.41507,71222
23.42197,71378
23.42885,84534
23.43575,108650
23.44265,134257
23.44955,148301
23.45643,148518
23.46333,134005
23.47023,107206
23.47712,77287
23.48402,51953
23.49092,36774
23.49782,28565
23.50470,24267
23.51160,21937
23.51850,20788
23.52540,18303
23.53228,17771
23.53918,15517
23.54608,14597
23.55297,12992
23.55987,12247
23.56677,11034
23.57367,10267
23.58055,11806
23.58745,8679
23.59435,9707
23.60125,9387
23.60813,9526
23.61503,9172
23.62193,10114
23.62882,9187
23.63572,8510
23.64262,10306
23.64952,8081
23.65640,6910
23.66330,8209
23.67020,7914
23.67708,8138
23.68398,7524
23.69088,8571
23.69778,7074
23.70467,8168
23.71157,7985
23.71847,8150
23.72537,7174
23.73225,7397
23.73915,6987
23.74605,6679
23.75293,7224
23.75983,7740
23.76673,6159
23.77363,7203
23.78052,7137
23.78742,7804
23.79432,7213
23.80120,6719
23.80810,7441
23.81500,6932
23.82190,6890
23.82878,6260
23.83568,7668
23.84258,7894
23.84948,10130
23.85637,10075
23.86327,10046
23.87017,10694
23.87705,11159
23.88395,10811
23.89085,9358
23.89775,9481
23.90463,9067
23.91153,7787
23.91843,6429
23.92533,7231
23.93222,6477
23.93912,5885
23.94602,6709
23.95290,6444
23.95980,7463
23.96670,6576
23.97360,7005
23.98048,6014
23.98738,6712
23.99428,6796
24.00117,6119
24.00807,5937
24.01497,6649
24.02187,6480
24.02875,5866
24.03565,6410
24.04255,6537
24.04945,6736
24.05633,6275
24.06323,5978
24.07013,6583
24.07702,6279
24.08392,6388
24.09082,6204
24.09772,7112
24.10460,7314
24.11150,5967
24.11840,6890
24.12530,6451
24.13218,6402
24.13908,7018
24.14598,6902
24.15287,6699
24.15977,6512
24.16667,5908
24.17357,5745
24.18045,6450
24.18735,5703
24.19425,6193
24.20113,6289
24.20803,6367
24.21493,7007
24.22183,7377
24.22872,8436
24.23562,7862
24.24252,9464
24.24942,9662
24.25630,10362
24.26320,9247
24.27010,9636
24.27698,9192
24.28388,8568
24.29078,7191
24.29768,6702
24.30457,6249
24.31147,6649
24.31837,6509
24.32527,7023
24.33215,7339
24.33905,7005
24.34595,6328
24.35283,6360
24.35973,5739
24.36663,7281
24.37353,6091
24.38042,6606
24.38732,6517
24.39422,7372
24.40110,7847
24.40800,12169
24.41490,16086
24.42180,23514
24.42868,30670
24.43558,33498
24.44248,35404
24.44938,32065
24.45627,27233
24.46317,22119
24.47007,19650
24.47695,17429
24.48385,13018
24.49075,12628
24.49765,11051
24.50453,11523
24.51143,10118
24.51833,9546
24.52522,9108
24.53212,9026
24.53902,8215
24.54592,7257
24.55280,7875
24.55970,9205
24.56660,7636
24.57350,6854
24.58038,7406
24.58728,6590
24.59418,6676
24.60107,6727
24.60797,6247
24.61487,6862
24.62177,6760
24.62865,6956
24.63555,7036
24.64245,8204
24.64935,7121
24.65623,6651
24.66313,6181
24.67003,6495
24.67692,6973
24.68382,6242
24.69072,7908
24.69762,7030
24.70450,7410
24.71140,7156
24.71830,7318
24.72518,7066
24.73208,6955
24.73898,6613
24.74588,6509
24.75277,6254
24.75967,6126
24.76657,5956
24.77347,6855
24.78035,6928
24.78725,6575
24.79415,7818
24.80103,6184
24.80793,6595
24.81483,7167
24.82173,5803
24.82862,6287
24.83552,6983
24.84242,7039
24.84932,7510
24.85620,6549
24.86310,7355
24.87000,8479
24.87688,7675
24.88378,6921
24.89068,6787
24.89758,6639
24.90447,7489
24.91137,7360
24.91827,6731
24.92515,7285
24.93205,7469
24.93895,6881
24.94585,8876
24.95273,9801
24.95963,13496
24.96653,20070
24.97343,31260
24.98032,42384
24.98722,59303
24.99412,71572
25.00100,78234
25.00790,73190
25.01480,60224
25.02170,44211
25.02858,30900
25.03548,21949
25.04238,14624
25.04928,13249
25.05617,10356
25.06307,8598
25.06997,10317
25.07685,8705
25.08375,7684
25.09065,7788
25.09755,7978
25.10443,7848
25.11133,8970
25.11823,7118
25.12512,8030
25.13202,8092
25.13892,8688
25.14582,8597
25.15270,9082
25.15960,8624
25.16650,8734
25.17340,7560
25.18028,7355
25.18718,7238
25.19408,7529
25.20097,8323
25.20787,6738
25.21477,6585
25.22167,7878
25.22855,6328
25.23545,7370
25.24235,6760
25.24923,7202
25.25613,5832
25.26303,6475
25.26993,6209
25.27682,7527
25.28372,6280
25.29062,7794
25.29752,6578
25.30440,6339
25.31130,6678
25.31820,6771
25.32508,7023
25.33198,6351
25.33888,6443
25.34578,7533
25.35267,7061
25.35957,6703
25.36647,7791
25.37337,6965
25.38025,8559
25.38715,7646
25.39405,8233
25.40093,7961
25.40783,8017
25.41473,8048
25.42163,7635
25.42852,9087
25.43542,8853
25.44232,9468
25.44920,10967
25.45610,9587
25.46300,11288
25.46990,16612
25.47678,24635
25.48368,40843
25.49058,72362
25.49748,115910
25.50437,163542
25.51127,197559
25.51817,212386
25.52505,197291
25.53195,155910
25.53885,113966
25.54575,73236
25.55263,47039
25.55953,30726
25.56643,22374
25.57333,17326
25.58022,14951
25.58712,13553
25.59402,12551
25.60090,10486
25.60780,10002
25.61470,9385
25.62160,9248
25.62848,7728
25.63538,8168
25.64228,9038
25.64917,8324
25.65607,7475
25.66297,8907
25.66987,8111
25.67675,7886
25.68365,7104
25.69055,7379
25.69745,7838
25.70433,7508
25.71123,7085
25.71813,6713
25.72502,6935
25.73192,6772
25.73882,6926
25.74572,6953
25.75260,6347
25.75950,6388
25.76640,6416
25.77330,6204
25.78018,7078
25.78708,7300
25.79398,6525
25.80087,8013
25.80777,6937
25.81467,7144
25.82157,7297
25.82845,8115
25.83535,8242
25.84225,8661
25.84913,8457
25.85603,7862
25.86293,7726
25.86983,7900
25.87672,8447
25.88362,8510
25.89052,9057
25.89742,9338
25.90430,8440
25.91120,9550
25.91810,9269
25.92498,9831
25.93188,12494
25.93878,17119
25.94568,21306
25.95257,25820
25.95947,26620
25.96637,27939
25.97327,26532
25.98015,20484
25.98705,15730
25.99395,13019
26.00083,10825
26.00773,8169
26.01463,7771
26.02153,7577
26.02842,7196
26.03532,7610
26.04222,9653
26.04910,9378
26.05600,10839
26.06290,10457
26.06980,10434
26.07668,10602
26.08358,9441
26.09048,9037
26.09738,7639
26.10427,7104
26.11117,8072
26.11807,6226
26.12495,6741
26.13185,6794
26.13875,7187
26.14565,7042
26.15253,6650
26.15943,7052
26.16633,6544
26.17323,8125
26.18012,6521
26.18702,6701
26.19392,6505
26.20080,6378
26.20770,6977
26.21460,6738
26.22150,6823
26.22838,7395
26.23528,7689
26.24218,8916
26.24907,6946
26.25597,8241
26.26287,6991
26.26977,6541
26.27665,6992
26.28355,7048
26.29045,7524
26.29735,7396
26.30423,6517
26.31113,7417
26.31803,6970
26.32492,8034
26.33182,8771
26.33872,8057
26.34562,8081
26.35250,8753
26.35940,8004
26.36630,9402
26.37320,9591
26.38008,9146
26.38698,8114
26.39388,9150
26.40077,8979
26.40767,7757
26.41457,8336
26.42147,7090
26.42835,9352
26.43525,10909
26.44215,11995
26.44903,13006
26.45593,13899
26.46283,13715
26.46973,13450
26.47662,10474
26.48352,9545
26.49042,8058
26.49732,7682
26.50420,5776
26.51110,6307
26.51800,7196
26.52488,7620
26.53178,6398
26.53868,7504
26.54558,7623
26.55247,6874
26.55937,7090
26.56627,7520
26.57315,7206
26.58005,6338
26.58695,6819
26.59385,6003
26.60073,6679
26.60763,6921
26.61453,6667
26.62143,6725
26.62832,7326
26.63522,7730
26.64212,7521
26.64900,8084
26.65590,6914
26.66280,6558
26.66970,6960
26.67658,7831
26.68348,6523
26.69038,7490
26.69728,6747
26.70417,8240
26.71107,8738
26.71797,10312
26.72485,15629
26.73175,23017
26.73865,35379
26.74555,48547
26.75243,65947
26.75933,88675
26.76623,111001
26.77312,140196
26.78002,167238
26.78692,195397
26.79382,209027
26.80070,191998
26.80760,142417
26.81450,89930
26.82140,60687
26.82828,51409
26.83518,45448
26.84208,44497
26.84897,41221
26.85587,37714
26.86277,37218
26.86967,32575
26.87655,31144
26.88345,28437
26.89035,27221
26.89725,27295
26.90413,28860
26.91103,30083
26.91793,33893
26.92482,35700
26.93172,41341
26.93862,46896
26.94552,47606
26.95240,48736
26.95930,44654
26.96620,36121
26.97308,31349
26.97998,28062
26.98688,25628
26.99378,22236
27.00067,22816
27.00757,21461
27.01447,21097
27.02137,21142
27.02825,20292
27.03515,21231
27.04205,18614
27.04893,18897
27.05583,17919
27.06273,18592
27.06963,18261
27.07652,17635
27.08342,17472
27.09032,18191
27.09722,17920
27.10410,17235
27.11100,17045
27.11790,16500
27.12478,16785
27.13168,16069
27.13858,16734
27.14548,16794
27.15237,15909
27.15927,15461
27.16617,16324
27.17305,15747
27.17995,16716
27.18685,15030
27.19375,16287
27.20063,16219
27.20753,15570
27.21443,16387
27.22133,16236
27.22822,17831
27.23512,19439
27.24202,18394
27.24890,18017
27.25580,19222
27.26270,20439
27.26960,18814
27.27648,18553
27.28338,18338
27.29028,17866
27.29717,20343
27.30407,27894
27.31097,52977
27.31787,106591
27.32475,222393
27.33165,435665
27.33855,748014
27.34545,1114491
27.35233,1480690
27.35923,1661036
27.36613,1584447
27.37302,1317403
27.37992,991079
27.38682,676027
27.39372,450306
27.40060,290527
27.40750,194081
27.41440,144530
27.42130,113834
27.42818,93150
27.43508,79416
27.44198,65041
27.44887,58202
27.45577,50672
27.46267,43146
27.46957,38340
27.47645,33659
27.48335,29920
27.49025,27264
27.49713,25160
27.50403,23389
27.51093,23589
27.51783,20100
27.52472,20581
27.53162,20341
27.53852,19170
27.54542,17638
27.55230,17786
27.55920,17065
27.56610,18286
27.57298,16785
27.57988,15710
27.58678,16606
27.59368,16106
27.60057,14580
27.60747,16557
27.61437,16104
27.62127,15349
27.62815,15065
27.63505,15469
27.64195,14127
27.64883,14417
27.65573,14195
27.66263,13658
27.66953,13617
27.67642,14848
27.68332,13841
27.69022,13436
27.69710,13381
27.70400,13512
27.71090,12515
27.71780,13675
27.72468,13346
27.73158,12163
27.73848,13111
27.74538,12591
27.75227,11248
27.75917,14262
27.76607,14043
27.77295,15166
27.77985,15700
27.78675,19201
27.79365,20282
27.80053,22718
27.80743,24370
27.81433,24130
27.82123,21894
27.82812,19597
27.83502,18240
27.84192,15645
27.84880,14775
27.85570,12049
27.86260,13613
27.86950,12095
27.87638,13178
27.88328,12863
27.89018,13207
27.89707,12195
27.90397,12158
27.91087,12456
27.91777,12935
27.92465,12066
27.93155,12091
27.93845,11740
27.94535,10615
27.95223,11309
27.95913,11846
27.96603,10710
27.97292,11613
27.97982,11748
27.98672,12373
27.99362,11882
28.00050,11522
28.00740,10966
28.01430,11561
28.02118,11069
28.02808,12692
28.03498,9391
28.04188,10750
28.04877,10947
28.05567,11069
28.06257,11311
28.06947,10569
28.07635,10677
28.08325,11040
28.09015,11741
28.09703,10319
28.10393,10576
28.11083,11295
28.11773,10074
28.12462,9235
28.13152,11582
28.13842,10368
28.14532,11094
28.15220,12215
28.15910,11164
28.16600,9831
28.17288,10898
28.17978,11398
28.18668,10439
28.19358,11904
28.20047,11296
28.20737,11135
28.21427,10541
28.22115,10060
28.22805,10841
28.23495,10759
28.24185,10096
28.24873,10917
28.25563,11036
28.26253,10770
28.26943,11427
28.27632,11694
28.28322,10475
28.29012,9463
28.29700,10814
28.30390,11267
28.31080,9559
28.31770,12153
28.32458,11619
28.33148,11003
28.33838,10824
28.34528,12126
28.35217,10866
28.35907,11862
28.36597,11685
28.37285,11168
28.37975,11094
28.38665,9548
28.39355,11789
28.40043,10307
28.40733,11289
28.41423,10070
28.42112,10596
28.42802,9987
28.43492,10512
28.44182,9286
28.44870,11118
28.45560,9955
28.46250,11620
28.46940,10001
28.47628,11288
28.48318,13561
28.49008,14641
28.49697,16692
28.50387,18988
28.51077,22428
28.51767,24324
28.52455,25316
28.53145,25584
28.53835,21811
28.54525,19425
28.55213,16699
28.55903,17132
28.56593,14677
28.57282,14407
28.57972,13560
28.58662,13702
28.59352,12658
28.60040,13630
28.60730,12815
28.61420,12314
28.62108,11872
28.62798,15024
28.63488,11904
28.64178,12133
28.64867,13205
28.65557,13206
28.66247,14326
28.66937,13262
28.67625,14438
28.68315,14824
28.69005,13917
28.69693,14425
28.70383,16169
28.71073,18314
28.71763,17468
28.72452,18723
28.73142,18613
28.73832,21248
28.74522,20718
28.75210,19009
28.75900,18350
28.76590,15890
28.77278,14611
28.77968,12985
28.78658,11383
28.79348,12335
28.80037,11644
28.80727,10222
28.81417,11858
28.82105,11984
28.82795,10488
28.83485,11286
28.84175,11916
28.84863,12522
28.85553,11033
28.86243,11080
28.86933,11665
28.87622,12257
28.88312,9811
28.89002,9547
28.89690,11810
28.90380,11520
28.91070,10172
28.91760,10713
28.92448,11216
28.93138,13710
28.93828,14346
28.94518,14788
28.95207,17351
28.95897,17596
28.96587,18070
28.97275,16908
28.97965,16341
28.98655,14284
28.99345,12556
29.00033,12134
29.00723,11312
29.01413,11168
29.02102,11101
29.02792,9501
29.03482,11298
29.04172,11609
29.04860,10697
29.05550,11204
29.06240,12227
29.06930,13630
29.07618,17874
29.08308,19984
29.08998,23120
29.09687,25979
29.10377,25406
29.11067,26200
29.11757,22996
29.12445,20070
29.13135,18032
29.13825,16255
29.14515,16579
29.15203,17863
29.15893,20411
29.16583,22042
29.17272,25458
29.17962,31164
29.18652,40138
29.19342,64595
29.20030,108676
29.20720,209720
29.21410,405880
29.22098,725444
29.22788,1126067
29.23478,1481634
29.24168,1701827
29.24857,1716108
29.25547,1525826
29.26237,1179015
29.26927,816439
29.27615,527858
29.28305,332886
29.28995,222527
29.29683,148861
29.30373,109057
29.31063,83657
29.31753,62186
29.32442,52165
29.33132,42547
29.33822,39138
29.34510,34123
29.35200,30832
29.35890,28668
29.36580,25295
29.37268,23241
29.37958,23966
29.38648,22682
29.39338,21679
29.40027,21724
29.40717,20513
29.41407,19680
29.42095,19385
29.42785,18096
29.43475,19313
29.44165,18374
29.44853,17898
29.45543,17400
29.46233,18039
29.46923,16385
29.47612,15087
29.48302,15789
29.48992,14932
29.49680,14848
29.50370,14854
29.51060,15677
29.51750,13798
29.52438,13003
29.53128,11932
29.53818,12576
29.54507,11543
29.55197,12360
29.55887,12879
29.56577,11291
29.57265,11734
29.57955,12865
29.58645,11624
29.59335,11568
29.60023,11539
29.60713,11750
29.61403,11551
29.62092,12976
29.62782,10950
29.63472,10795
29.64162,11501
29.64850,12718
29.65540,13046
29.66230,11786
29.66920,12986
29.67608,11297
29.68298,11944
29.68988,11680
29.69677,11430
29.70367,10572
29.71057,10580
29.71747,11874
29.72435,11957
29.73125,11229
29.73815,11599
29.74503,13318
29.75193,12151
29.75883,11543
29.76573,11446
29.77262,13156
29.77952,12018
29.78642,13085
29.79332,10901
29.80020,10943
29.80710,11182
29.81400,11923
29.82088,12116
29.82778,12910
29.83468,12140
29.84158,13025
29.84847,14895
29.85537,18661
29.86227,19464
29.86917,23349
29.87605,22203
29.88295,24042
29.88985,26864
29.89673,26171
29.90363,26214
29.91053,27107
29.91743,27145
29.92432,28868
29.93122,28868
29.93812,35542
29.94500,41126
29.95190,51676
29.95880,68099
29.96570,91070
29.97258,119364
29.97948,147497
29.98638,178326
29.99328,218984
30.00017,271440
30.00707,327900
30.01397,375125
30.02085,435258
30.02775,524547
30.03465,605227
30.04155,668022
30.04843,661609
30.05533,558121
30.06223,400401
30.06912,307220
30.07602,241931
30.08292,206070
30.08982,184350
30.09670,170094
30.10360,161496
30.11050,150052
30.11740,143439
30.12428,133240
30.13118,128709
30.13808,125768
30.14497,117618
30.15187,117283
30.15877,115770
30.16567,107497
30.17255,104069
30.17945,108841
30.18635,99565
30.19325,96271
30.20013,94408
30.20703,94402
30.21393,90074
30.22082,86503
30.22772,91409
30.23462,86624
30.24152,87440
30.24840,87572
30.25530,87767
30.26220,85481
30.26908,83290
30.27598,81678
30.28288,77664
30.28978,77335
30.29667,81206
30.30357,84317
30.31047,100036
30.31737,143535
30.32425,228766
30.33115,381699
30.33805,617115
30.34493,910431
30.35183,1218637
30.35873,1460835
30.36563,1574982
30.37252,1511366
30.37942,1262329
30.38632,975739
30.39322,721352
30.40010,536335
30.40700,433849
30.41390,405799
30.42078,439922
30.42768,565071
30.43458,794956
30.44148,1185787
30.44837,1854630
30.45527,2742921
30.46217,3974779
30.46905,5221569
30.47595,6181384
30.48285,6636841
30.48975,6343448
30.49663,5380521
30.50353,4134078
30.51043,2923288
30.51733,1923953
30.52422,1245022
30.53112,813207
30.53802,562986
30.54490,433325
30.55180,351035
30.55870,307754
30.56560,277110
30.57248,253133
30.57938,230547
30.58628,218004
30.59318,198910
30.60007,184377
30.60697,165798
30.61387,152168
30.62075,141440
30.62765,134638
30.63455,124942
30.64145,119944
30.64833,116328
30.65523,109296
30.66213,106808
30.66902,102049
30.67592,97232
30.68282,98439
30.68972,93799
30.69660,93965
30.70350,92252
30.71040,88469
30.71730,88643
30.72418,86331
30.73108,84790
30.73798,83581
30.74487,79949
30.75177,80495
30.75867,75320
30.76557,73818
30.77245,76389
30.77935,71975
30.78625,69107
30.79313,69779
30.80003,69118
30.80693,67092
30.81383,64522
30.82072,64902
30.82762,64265
30.83452,66348
30.84142,67928
30.84830,65826
30.85520,66699
30.86210,67069
30.86898,69323
30.87588,70199
30.88278,74686
30.88968,88250
30.89657,111582
30.90347,159843
30.91037,241196
30.91727,352050
30.92415,478663
30.93105,590583
30.93795,653345
30.94483,648763
30.95173,571072
30.95863,472851
30.96553,393537
30.97242,323503
30.97932,283779
30.98622,246809
30.99310,211437
31.00000,184762
31.00690,156861
31.01380,131272
31.02068,115610
31.02758,104271
31.03448,94909
31.04138,94680
31.04827,91503
31.05517,89673
31.06207,88501
31.06895,84527
31.07585,75289
31.08275,70119
31.08965,67941
31.09653,64150
31.10343,59989
31.11033,57390
31.11723,58485
31.12412,55638
31.13102,53525
31.13792,50742
31.14480,51053
31.15170,49034
31.15860,51426
31.16550,48493
31.17238,47182
31.17928,46767
31.18618,46685
31.19307,45944
31.19997,45387
31.20687,47605
31.21377,50049
31.22065,51857
31.22755,50785
31.23445,51641
31.24135,52483
31.24823,47360
31.25513,46417
31.26203,45190
31.26892,44191
31.27582,42488
31.28272,42315
31.28962,42036
31.29650,40684
31.30340,38802
31.31030,39779
31.31720,39190
31.32408,38716
31.33098,35923
31.33788,38679
31.34477,37205
31.35167,36481
31.35857,38117
31.36547,39301
31.37235,38519
31.37925,40515
31.38615,42195
31.39303,44146
31.39993,44087
31.40683,45482
31.41373,44442
31.42062,42791
31.42752,43309
31.43442,42035
31.44132,39332
31.44820,37111
31.45510,37232
31.46200,37179
31.46888,35415
31.47578,35187
31.48268,34681
31.48958,33253
31.49647,36842
31.50337,33958
31.51027,34444
31.51717,33771
31.52405,35921
31.53095,33531
31.53785,33251
31.54473,33778
31.55163,31845
31.55853,32827
31.56543,31559
31.57232,31608
31.57922,31558
31.58612,31421
31.59300,31885
31.59990,30970
31.60680,33469
31.61370,31012
31.62058,31865
31.62748,27764
31.63438,31152
31.64128,29777
31.64817,30332
31.65507,30270
31.66197,30489
31.66885,30511
31.67575,28929
31.68265,28363
31.68955,29927
31.69643,28270
31.70333,27860
31.71023,29912
31.71713,29468
31.72402,30754
31.73092,28590
31.73782,28382
31.74470,29576
31.75160,29984
31.75850,29226
31.76540,28503
31.77228,29040
31.77918,27811
31.78608,28489
31.79297,29564
31.79987,28156
31.80677,30176
31.81367,27581
31.82055,29350
31.82745,29162
31.83435,29981
31.84125,28287
31.84813,27575
31.85503,29963
31.86193,25778
31.86882,28238
31.87572,27568
31.88262,26551
31.88952,26509
31.89640,25995
31.90330,25549
31.91020,26277
31.91708,26593
31.92398,27295
31.93088,28984
31.93778,27975
31.94467,29152
31.95157,30765
31.95847,33728
31.96537,38093
31.97225,50868
31.97915,70813
31.98605,117050
31.99293,191329
31.99983,312511
32.00673,489460
32.01363,714036
32.02052,952534
32.02742,1142454
32.03432,1235725
32.04122,1152316
32.04810,927591
32.05500,684279
32.06190,481892
32.06878,344645
32.07568,247179
32.08258,197210
32.08948,161245
32.09637,136649
32.10327,126379
32.11017,114647
32.11705,107675
32.12395,100959
32.13085,95984
32.13775,93473
32.14463,88895
32.15153,88180
32.15843,92100
32.16533,104161
32.17222,129839
32.17912,173720
32.18602,228158
32.19290,293643
32.19980,350154
32.20670,370624
32.21360,360154
32.22048,326741
32.22738,264812
32.23428,204792
32.24118,161054
32.24807,123969
32.25497,100135
32.26187,83552
32.26875,74178
32.27565,65453
32.28255,62642
32.28945,62016
32.29633,65419
32.30323,70641
32.31013,79263
32.31702,83156
32.32392,86410
32.33082,87968
32.33772,78970
32.34460,75212
32.35150,66091
32.35840,55416
32.36530,51417
32.37218,47873
32.37908,46409
32.38598,43605
32.39287,42691
32.39977,41075
32.40667,39720
32.41357,37271
32.42045,39070
32.42735,39152
32.43425,43773
32.44115,43273
32.44803,46990
32.45493,50330
32.46183,52244
32.46872,51113
32.47562,49432
32.48252,47377
32.48942,43133
32.49630,41925
32.50320,41572
32.51010,39454
32.51698,36743
32.52388,34552
32.53078,36670
32.53768,38168
32.54457,36965
32.55147,39271
32.55837,40752
32.56527,40716
32.57215,39440
32.57905,38506
32.58595,39966
32.59283,41283
32.59973,46799
32.60663,68161
32.61353,123872
32.62042,243761
32.62732,478255
32.63422,845169
32.64112,1394830
32.64800,2075263
32.65490,2778496
32.66180,3252557
32.66868,3453504
32.67558,3159818
32.68248,2550924
32.68938,1799432
32.69627,1166778
32.70317,726849
32.71007,468137
32.71695,308990
32.72385,219846
32.73075,169475
32.73765,138084
32.74453,113940
32.75143,95878
32.75833,87012
32.76523,78908
32.77212,71094
32.77902,66591
32.78592,59887
32.79280,57946
32.79970,55303
32.80660,57816
32.81350,54420
32.82038,50176
32.82728,50237
32.83418,44851
32.84107,45125
32.84797,41795
32.85487,38741
32.86177,38120
32.86865,35912
32.87555,36951
32.88245,34146
32.88935,34303
32.89623,37213
32.90313,33674
32.91003,32492
32.91692,30901
32.92382,31084
32.93072,30985
32.93762,30205
32.94450,30155
32.95140,30372
32.95830,30101
32.96520,28257
32.97208,28054
32.97898,27759
32.98588,27400
32.99277,29004
32.99967,26630
33.00657,28564
33.01347,27168
33.02035,28904
33.02725,27010
33.03415,25119
33.04103,25303
33.04793,27162
33.05483,26788
33.06173,27626
33.06862,26826
33.07552,25142
33.08242,26935
33.08932,27083
33.09620,26995
33.10310,27339
33.11000,27233
33.11688,26736
33.12378,26142
33.13068,25981
33.13758,25433
33.14447,26171
33.15137,24696
33.15827,24102
33.16517,25660
33.17205,25058
33.17895,26824
33.18585,25468
33.19273,26653
33.19963,25504
33.20653,26126
33.21343,27804
33.22032,30514
33.22722,32797
33.23412,35005
33.24100,37454
33.24790,34460
33.25480,34287
33.26170,33691
33.26858,33246
33.27548,32192
33.28238,31458
33.28928,28466
33.29617,26533
33.30307,27434
33.30997,25113
33.31685,25625
33.32375,25332
33.33065,25425
33.33755,27028
33.34443,24435
33.35133,24699
33.35823,26118
33.36513,24701
33.37202,25879
33.37892,26323
33.38582,26230
33.39270,25845
33.39960,25386
33.40650,27051
33.41340,25430
33.42028,25934
33.42718,26966
33.43408,24148
33.44097,23522
33.44787,23632
33.45477,22840
33.46167,21456
33.46855,22887
33.47545,23071
33.48235,23398
33.48925,23186
33.49613,23120
33.50303,23861
33.50993,24175
33.51682,23507
33.52372,24514
33.53062,22592
33.53752,22858
33.54440,22513
33.55130,22138
33.55820,22440
33.56508,24276
33.57198,23475
33.57888,22292
33.58578,22841
33.59267,23316
33.59957,22292
33.60647,23240
33.61337,23163
33.62025,23021
33.62715,23637
33.63405,22118
33.64093,23056
33.64783,23692
33.65473,24351
33.66163,24710
33.66852,24654
33.67542,24291
33.68232,24369
33.68922,24603
33.69610,24009
33.70300,22877
33.70990,22416
33.71678,24669
33.72368,24013
33.73058,23217
33.73748,23192
33.74437,22260
33.75127,23608
33.75817,22279
33.76505,22035
33.77195,24478
33.77885,23306
33.78575,25087
33.79263,26716
33.79953,27682
33.80643,28740
33.81333,30665
33.82022,33004
33.82712,33453
33.83402,35297
33.84090,34648
33.84780,34885
33.85470,34657
33.86160,30192
33.86848,29481
33.87538,28525
33.88228,28170
33.88918,24510
33.89607,26584
33.90297,24752
33.90987,25329
33.91675,23241
33.92365,21956
33.93055,22189
33.93745,20738
33.94433,22733
33.95123,21684
33.95813,21549
33.96502,22057
33.97192,20055
33.97882,21539
33.98572,22999
33.99260,20382
33.99950,21402
34.00640,20957
34.01330,21865
34.02018,21123
34.02708,19469
34.03398,21092
34.04087,20623
34.04777,21858
34.05467,21368
34.06157,22013
34.06845,18280
34.07535,20185
34.08225,20530
34.08915,19920
34.09603,19447
34.10293,19372
34.10983,19367
34.11672,20544
34.12362,19553
34.13052,19739
34.13742,18687
34.14430,20022
34.15120,19664
34.15810,20994
34.16498,19925
34.17188,21250
34.17878,19216
34.18568,20849
34.19257,19108
34.19947,20900
34.20637,22341
34.21327,21202
34.22015,24509
34.22705,27395
34.23395,31034
34.24083,36424
34.24773,44159
34.25463,51097
34.26153,57133
34.26842,59126
34.27532,56589
34.28222,51386
34.28912,45759
34.29600,39362
34.30290,31853
34.30980,29909
34.31668,25825
34.32358,24256
34.33048,22921
34.33738,23955
34.34427,22365
34.35117,21767
34.35807,22586
34.36495,21456
34.37185,21541
34.37875,20746
34.38565,21159
34.39253,20221
34.39943,21548
34.40633,20432
34.41323,19788
34.42012,19762
34.42702,20581
34.43392,19765
34.44080,20552
34.44770,20604
34.45460,19251
34.46150,19369
34.46838,19784
34.47528,19413
34.48218,18656
34.48908,19326
34.49597,18301
34.50287,18177
34.50977,19365
34.51665,21200
34.52355,17887
34.53045,18205
34.53735,17758
34.54423,18205
34.55113,19822
34.55803,19163
34.56492,19821
34.57182,18933
34.57872,19063
34.58562,18547
34.59250,18641
34.59940,18879
34.60630,19469
34.61320,19324
34.62008,17494
34.62698,18660
34.63388,17809
34.64077,18231
34.64767,18299
34.65457,18434
34.66147,18417
34.66835,17455
34.67525,18316
34.68215,16088
34.68903,18351
34.69593,18168
34.70283,19871
34.70973,20455
34.71662,20739
34.72352,20303
34.73042,20681
34.73732,20085
34.74420,18216
34.75110,22053
34.75800,18509
34.76488,20094
34.77178,18252
34.77868,19935
34.78558,17654
34.79247,18141
34.79937,18857
34.80627,20416
34.81317,21602
34.82005,20975
34.82695,21469
34.83385,23592
34.84073,21234
34.84763,21249
34.85453,20487
34.86143,20185
34.86832,19299
34.87522,18475
34.88212,20553
34.88900,18882
34.89590,18915
34.90280,18782
34.90970,19422
34.91658,19114
34.92348,18353
34.93038,19193
34.93728,19088
34.94417,19629
34.95107,19203
34.95797,19121
34.96485,19436
34.97175,19298
34.97865,21045
34.98555,19615
34.99243,20600
34.99933,20179
35.00623,23213
35.01313,22449
35.02002,23670
35.02692,25661
35.03382,25763
35.04070,25076
35.04760,25661
35.05450,25100
35.06140,26604
35.06828,21466
35.07518,21593
35.08208,20539
35.08897,19289
35.09587,17770
35.10277,19741
35.10967,19556
35.11655,18798
35.12345,19245
35.13035,20222
35.13725,19535
35.14413,19802
35.15103,18472
35.15793,18166
35.16482,18118
35.17172,18389
35.17862,19025
35.18552,19422
35.19240,19632
35.19930,21674
35.20620,21165
35.21310,22240
35.21998,22781
35.22688,21703
35.23378,23203
35.24067,23102
35.24757,22929
35.25447,23938
35.26137,23010
35.26825,23725
35.27515,24530
35.28205,24637
35.28893,25403
35.29583,27055
35.30273,27772
35.30963,29518
35.31652,29277
35.32342,31650
35.33032,36465
35.33722,35688
35.34410,39378
35.35100,39773
35.35790,43711
35.36478,50239
35.37168,67822
35.37858,89868
35.38548,127411
35.39237,169956
35.39927,210886
35.40617,241683
35.41307,248932
35.41995,231681
35.42685,196413
35.43375,159700
35.44063,129338
35.44753,99819
35.45443,83125
35.46133,70419
35.46822,62611
35.47512,57174
35.48202,51805
35.48890,51070
35.49580,52752
35.50270,56070
35.50960,64892
35.51648,70270
35.52338,74416
35.53028,76250
35.53718,73771
35.54407,69246
35.55097,61533
35.55787,52291
35.56475,46327
35.57165,39995
35.57855,35542
35.58545,34680
35.59233,32685
35.59923,30272
35.60613,27621
35.61302,27206
35.61992,25622
35.62682,26527
35.63372,25033
35.64060,24252
35.64750,24505
35.65440,24167
35.66130,27017
35.66818,25972
35.67508,27180
35.68198,28289
35.68887,28689
35.69577,29028
35.70267,27557
35.70957,25734
35.71645,26398
35.72335,27121
35.73025,25348
35.73715,26007
35.74403,28542
35.75093,31200
35.75783,40181
35.76472,57334
35.77162,98293
35.77852,171069
35.78542,313357
35.79230,529519
35.79920,843211
35.80610,1209658
35.81298,1451831
35.81988,1659861
35.82678,1654536
35.83368,1453570
35.84057,1153619
35.84747,862511
35.85437,628013
35.86127,454733
35.86815,337997
35.87505,268293
35.88195,218698
35.88883,186019
35.89573,157596
35.90263,137275
35.90953,118519
35.91642,105607
35.92332,95893
35.93022,86074
35.93712,78731
35.94400,70050
35.95090,63717
35.95780,59977
35.96468,57616
35.97158,56100
35.97848,50587
35.98538,50553
35.99227,48342
35.99917,45779
36.00607,46105
36.01295,41262
36.01985,41514
36.02675,38527
36.03365,37092
36.04053,36411
36.04743,35498
36.05433,34128
36.06123,31947
36.06812,31159
36.07502,30079
36.08192,29452
36.08880,29554
36.09570,28480
36.10260,27631
36.10950,28586
36.11638,26873
36.12328,26751
36.13018,24802
36.13708,25470
36.14397,24165
36.15087,25473
36.15777,25404
36.16465,24851
36.17155,24743
36.17845,25282
36.18535,22651
36.19223,23234
36.19913,21356
36.20603,22801
36.21292,23219
36.21982,21549
36.22672,22953
36.23362,21902
36.24050,21783
36.24740,24191
36.25430,24567
36.26120,26667
36.26808,28968
36.27498,32380
36.28188,35033
36.28877,40545
36.29567,44243
36.30257,51563
36.30947,58610
36.31635,68852
36.32325,73551
36.33015,77192
36.33703,75978
36.34393,70682
36.35083,64714
36.35773,59881
36.36462,54399
36.37152,45365
36.37842,46111
36.38532,38793
36.39220,37648
36.39910,33707
36.40600,30928
36.41288,30911
36.41978,28575
36.42668,29563
36.43358,29951
36.44047,27490
36.44737,24045
36.45427,26992
36.46117,26021
36.46805,25582
36.47495,25252
36.48185,23616
36.48873,23273
36.49563,22871
36.50253,22321
36.50943,21534
36.51632,21378
36.52322,22187
36.53012,22779
36.53700,23830
36.54390,25769
36.55080,27042
36.55770,30593
36.56458,34946
36.57148,39476
36.57838,40550
36.58528,38845
36.59217,37316
36.59907,33982
36.60597,31150
36.61285,28702
36.61975,26280
36.62665,26283
36.63355,22820
36.64043,24314
36.64733,22564
36.65423,22321
36.66113,22989
36.66802,23131
36.67492,20867
36.68182,21103
36.68870,20884
36.69560,20192
36.70250,21894
36.70940,21175
36.71628,21865
36.72318,22284
36.73008,22467
36.73697,23174
36.74387,22349
36.75077,23180
36.75767,24519
36.76455,23769
36.77145,23753
36.77835,24333
36.78525,24183
36.79213,24430
36.79903,24483
36.80593,24130
36.81282,23218
36.81972,21825
36.82662,21669
36.83352,21433
36.84040,20990
36.84730,21344
36.85420,21826
36.86110,21329
36.86798,21225
36.87488,22057
36.88178,23525
36.88867,22697
36.89557,22952
36.90247,23964
36.90937,23051
36.91625,24064
36.92315,21788
36.93005,22138
36.93693,21471
36.94383,21385
36.95073,21119
36.95763,20562
36.96452,20918
36.97142,22097
36.97832,21623
36.98522,21984
36.99210,23029
36.99900,24051
37.00590,24151
37.01278,27323
37.01968,27482
37.02658,24605
37.03348,25260
37.04037,23463
37.04727,24947
37.05417,24835
37.06107,24168
37.06795,25111
37.07485,23707
37.08175,24644
37.08863,23514
37.09553,23568
37.10243,22012
37.10933,23858
37.11622,22816
37.12312,22643
37.13002,20003
37.13690,21553
37.14380,21029
37.15070,20423
37.15760,19974
37.16448,21227
37.17138,19091
37.17828,19591
37.18518,19899
37.19207,19800
37.19897,20238
37.20587,19768
37.21275,20222
37.21965,18798
37.22655,20752
37.23345,19551
37.24033,19750
37.24723,20543
37.25413,21967
37.26103,26623
37.26792,31099
37.27482,38843
37.28172,47564
37.28860,55942
37.29550,63130
37.30240,62715
37.30930,63518
37.31618,58424
37.32308,53062
37.32998,46243
37.33687,40240
37.34377,35515
37.35067,31130
37.35757,31549
37.36445,28203
37.37135,27563
37.37825,26946
37.38515,26328
37.39203,25159
37.39893,23655
37.40583,23181
37.41272,23387
37.41962,24412
37.42652,23959
37.43342,22251
37.44030,20492
37.44720,20447
37.45410,21704
37.46098,21493
37.46788,22290
37.47478,20508
37.48168,20437
37.48857,20574
37.49547,20894
37.50237,20027
37.50927,21346
37.51615,20843
37.52305,21446
37.52995,21622
37.53683,19335
37.54373,19860
37.55063,21031
37.55753,20925
37.56442,19239
37.57132,20418
37.57822,20141
37.58512,20737
37.59200,20174
37.59890,19087
37.60580,18654
37.61268,19628
37.61958,19370
37.62648,18674
37.63338,19602
37.64027,20568
37.64717,18452
37.65407,18760
37.66095,20824
37.66785,18900
37.67475,19508
37.68165,19970
37.68853,19225
37.69543,19578
37.70233,18530
37.70923,17511
37.71612,19340
37.72302,19432
37.72992,19328
37.73680,20676
37.74370,21282
37.75060,21281
37.75750,22625
37.76438,24440
37.77128,25662
37.77818,25323
37.78508,25620
37.79197,24291
37.79887,24401
37.80577,22951
37.81265,22579
37.81955,23145
37.82645,20977
37.83335,18814
37.84023,19503
37.84713,20922
37.85403,20698
37.86092,19577
37.86782,21071
37.87472,21348
37.88162,20424
37.88850,20715
37.89540,18598
37.90230,18859
37.90920,18184
37.91608,19771
37.92298,19569
37.92988,20094
37.93677,20731
37.94367,20732
37.95057,21675
37.95747,21531
37.96435,21759
37.97125,22598
37.97815,22201
37.98505,22182
37.99193,19163
37.99883,21277
38.00573,22081
38.01262,19618
38.01952,18680
38.02642,19889
38.03332,19354
38.04020,20354
38.04710,19887
38.05400,19028
38.06088,20248
38.06778,20022
38.07468,19059
38.08158,19470
38.08847,19403
38.09537,18531
38.10227,18969
38.10917,19082
38.11605,18679
38.12295,19873
38.12985,19728
38.13673,17983
38.14363,20460
38.15053,19766
38.15743,18725
38.16432,20063
38.17122,19545
38.17812,20884
38.18502,19654
38.19190,22053
38.19880,19801
38.20570,20331
38.21258,19125
38.21948,20601
38.22638,19418
38.23328,19655
38.24017,18654
38.24707,21150
38.25397,19709
38.26085,20655
38.26775,19820
38.27465,21011
38.28155,23261
38.28843,21407
38.29533,22172
38.30223,22162
38.30913,23804
38.31602,24233
38.32292,25337
38.32982,25727
38.33670,29065
38.34360,27499
38.35050,34411
38.35740,38196
38.36428,42963
38.37118,49431
38.37808,54730
38.38497,53188
38.39187,48561
38.39877,43075
38.40567,38856
38.41255,34341
38.41945,31493
38.42635,29704
38.43325,27435
38.44013,28736
38.44703,28305
38.45393,29153
38.46082,28929
38.46772,30771
38.47462,31747
38.48152,33296
38.48840,33153
38.49530,35077
38.50220,31571
38.50910,32305
38.51598,28931
38.52288,27298
38.52978,26339
38.53667,23547
38.54357,21842
38.55047,23455
38.55737,21351
38.56425,22257
38.57115,23203
38.57805,21269
38.58493,20535
38.59183,22485
38.59873,20864
38.60563,21758
38.61252,20527
38.61942,21528
38.62632,21184
38.63322,24257
38.64010,23919
38.64700,25507
38.65390,29885
38.66078,32776
38.66768,38790
38.67458,43250
38.68148,55682
38.68837,69615
38.69527,109486
38.70217,176912
38.70907,290113
38.71595,499909
38.72285,809341
38.72975,1252513
38.73663,1709944
38.74353,2235600
38.75043,2650975
38.75733,2843192
38.76422,2656996
38.77112,2276661
38.77802,1768883
38.78490,1315805
38.79180,979952
38.79870,753716
38.80560,597282
38.81248,493546
38.81938,423532
38.82628,361040
38.83318,318070
38.84007,284098
38.84697,257514
38.85387,228303
38.86075,203163
38.86765,187876
38.87455,172861
38.88145,160732
38.88833,149185
38.89523,141076
38.90213,132063
38.90903,121389
38.91592,115606
38.92282,108295
38.92972,102463
38.93660,99209
38.94350,93441
38.95040,88848
38.95730,85516
38.96418,82520
38.97108,79790
38.97798,73943
38.98487,72995
38.99177,68933
38.99867,68796
39.00557,64255
39.01245,60265
39.01935,59497
39.02625,59397
39.03315,57968
39.04003,55803
39.04693,54133
39.05383,56545
39.06072,54298
39.06762,54485
39.07452,52980
39.08142,49838
39.08830,48489
39.09520,45943
39.10210,43958
39.10898,42543
39.11588,41565
39.12278,41820
39.12968,42748
39.13657,42209
39.14347,51767
39.15037,62664
39.15727,77814
39.16415,106459
39.17105,143597
39.17795,178777
39.18483,207268
39.19173,236234
39.19863,251094
39.20553,251343
39.21242,239840
39.21932,222113
39.22622,205305
39.23312,188420
39.24000,177272
39.24690,164206
39.25380,154988
39.26068,141105
39.26758,131912
39.27448,116126
39.28138,105134
39.28827,100520
39.29517,94117
39.30207,86861
39.30895,82692
39.31585,78574
39.32275,76098
39.32965,72261
39.33653,68746
39.34343,64948
39.35033,61534
39.35723,58630
39.36412,55306
39.37102,56667
39.37792,51774
39.38480,49866
39.39170,49237
39.39860,47071
39.40550,47877
39.41238,44489
39.41928,45419
39.42618,43834
39.43308,42825
39.43997,42701
39.44687,43872
39.45377,44246
39.46065,40884
39.46755,41600
39.47445,38599
39.48135,39320
39.48823,36084
39.49513,37052
39.50203,37431
39.50892,39148
39.51582,37616
39.52272,38740
39.52962,39423
39.53650,41539
39.54340,42119
39.55030,44473
39.55720,40270
39.56408,38737
39.57098,40125
39.57788,38808
39.58477,39796
39.59167,39576
39.59857,38946
39.60547,37417
39.61235,37774
39.61925,35793
39.62615,36093
39.63305,37029
39.63993,37385
39.64683,36938
39.65373,35653
39.66062,36265
39.66752,34957
39.67442,31493
39.68132,32424
39.68820,32143
39.69510,31731
39.70200,30824
39.70888,31684
39.71578,31972
39.72268,33477
39.72958,33825
39.73647,34031
39.74337,34890
39.75027,34565
39.75717,32810
39.76405,33545
39.77095,32872
39.77785,33833
39.78473,31981
39.79163,31195
39.79853,31244
39.80543,33207
39.81232,32316
39.81922,30448
39.82612,33548
39.83302,34975
39.83990,34745
39.84680,37046
39.85370,39185
39.86058,41109
39.86748,42265
39.87438,39424
39.88128,41186
39.88817,39526
39.89507,39226
39.90197,37547
39.90885,38325
39.91575,37473
39.92265,35823
39.92955,33945
39.93643,34119
39.94333,32733
39.95023,30142
39.95713,30984
39.96402,29379
39.97092,28122
39.97782,28174
39.98470,31174
39.99160,28871
39.99850,29237
40.00540,28068
40.01228,29697
40.01918,27716
40.02608,27312
40.03298,28548
40.03987,28795
40.04677,27419
40.05367,27031
40.06055,29098
40.06745,29544
40.07435,31539
40.08125,34740
40.08813,40592
40.09503,54722
40.10193,63218
40.10882,77431
40.11572,94288
40.12262,103325
40.12952,101812
40.13640,99925
40.14330,89499
40.15020,73287
40.15710,65733
40.16398,54866
40.17088,50224
40.17778,48798
40.18467,41464
40.19157,41644
40.19847,40013
40.20537,40065
40.21225,39732
40.21915,38074
40.22605,37173
40.23295,36848
40.23983,36437
40.24673,35576
40.25363,34794
40.26052,32160
40.26742,33267
40.27432,32928
40.28122,32888
40.28810,33516
40.29500,32325
40.30190,32396
40.30878,31095
40.31568,31107
40.32258,31034
40.32948,31344
40.33637,31069
40.34327,31169
40.35017,29017
40.35707,30629
40.36395,30167
40.37085,30133
40.37775,28981
40.38463,28299
40.39153,28972
40.39843,30660
40.40533,30493
40.41222,28458
40.41912,28168
40.42602,29431
40.43290,29406
40.43980,29206
40.44670,29887
40.45360,29205
40.46048,29219
40.46738,28077
40.47428,28146
40.48118,26682
40.48807,27492
40.49497,28888
40.50187,29702
40.50875,31076
40.51565,32493
40.52255,35411
40.52945,36302
40.53633,41011
40.54323,41807
40.55013,41887
40.55703,40825
40.56392,38955
40.57082,37749
40.57772,34801
40.58460,33776
40.59150,35211
40.59840,34018
40.60530,31936
40.61218,32653
40.61908,31437
40.62598,29764
40.63287,30706
40.63977,29851
40.64667,29548
40.65357,29214
40.66045,29361
40.66735,28006
40.67425,28206
40.68115,28702
40.68803,27787
40.69493,29121
40.70183,28201
40.70872,27604
40.71562,29438
40.72252,29536
40.72942,28081
40.73630,28605
40.74320,28561
40.75010,29272
40.75700,26447
40.76388,29781
40.77078,27888
40.77768,27534
40.78457,27733
40.79147,27405
40.79837,28818
40.80527,28427
40.81215,28871
40.81905,26988
40.82595,25960
40.83283,27761
40.83973,26926
40.84663,29316
40.85353,28660
40.86042,28514
40.86732,27042
40.87422,27562
40.88112,28267
40.88800,28249
40.89490,27885
40.90180,28853
40.90868,28057
40.91558,29289
40.92248,29206
40.92938,28101
40.93627,30112
40.94317,29364
40.95007,30559
40.95697,30574
40.96385,30673
40.97075,33021
40.97765,32988
40.98453,34262
40.99143,33959
40.99833,32558
41.00523,33041
41.01212,31929
41.01902,31153
41.02592,31576
41.03280,28451
41.03970,30627
41.04660,31574
41.05350,31675
41.06038,31296
41.06728,34729
41.07418,33088
41.08108,34846
41.08797,38474
41.09487,41874
41.10177,42028
41.10865,42327
41.11555,48301
41.12245,48940
41.12935,52858
41.13623,56939
41.14313,56105
41.15003,60298
41.15692,60575
41.16382,63253
41.17072,71657
41.17762,82005
41.18450,95412
41.19140,115643
41.19830,129506
41.20520,142882
41.21208,147281
41.21898,141296
41.22588,125486
41.23277,111687
41.23967,98064
41.24657,85896
41.25347,74601
41.26035,71995
41.26725,63591
41.27415,60331
41.28105,54779
41.28793,49690
41.29483,47465
41.30173,44078
41.30862,43477
41.31552,43135
41.32242,41382
41.32932,42023
41.33620,39200
41.34310,39052
41.35000,39672
41.35688,38559
41.36378,39587
41.37068,37576
41.37758,38265
41.38447,38883
41.39137,39709
41.39827,44496
41.40517,51254
41.41205,63670
41.41895,91740
41.42585,142008
41.43273,233430
41.43963,377448
41.44653,582925
41.45343,838458
41.46032,1230501
41.46722,1711034
41.47412,2336309
41.48102,2959357
41.48790,3451322
41.49480,3538061
41.50170,3179718
41.50858,2542320
41.51548,1930655
41.52238,1474947
41.52928,1148694
41.53617,927066
41.54307,788705
41.54997,680271
41.55685,584217
41.56375,528923
41.57065,474333
41.57755,428957
41.58443,387632
41.59133,356816
41.59823,330739
41.60513,303996
41.61202,281879
41.61892,262286
41.62582,246573
41.63270,234845
41.63960,217911
41.64650,211823
41.65340,199851
41.66028,185761
41.66718,180315
41.67408,174592
41.68098,165397
41.68787,158259
41.69477,150854
41.70167,146574
41.70855,141269
41.71545,136165
41.72235,134177
41.72925,128975
41.73613,120226
41.74303,119415
41.74993,115747
41.75682,109327
41.76372,107971
41.77062,105693
41.77752,101521
41.78440,98900
41.79130,95786
41.79820,93672
41.80510,90718
41.81198,91601
41.81888,91379
41.82578,94710
41.83267,99537
41.83957,110304
41.84647,119954
41.85337,135241
41.86025,143631
41.86715,157907
41.87405,160180
41.88093,157771
41.88783,152708
41.89473,150230
41.90163,141467
41.90852,135329
41.91542,125546
41.92232,117028
41.92922,116781
41.93610,104337
41.94300,102885
41.94990,98581
41.95678,92815
41.96368,90665
41.97058,86897
41.97748,82560
41.98437,80970
41.99127,78980
41.99817,75804
42.00507,75342
42.01195,77039
42.01885,72103
42.02575,72970
42.03263,70929
42.03953,68675
42.04643,66415
42.05333,66417
42.06022,65553
42.06712,63473
42.07402,62181
42.08090,62100
42.08780,61969
42.09470,61457
42.10160,60168
42.10848,57339
42.11538,59197
42.12228,59000
42.12918,60089
42.13607,60549
42.14297,59046
42.14987,57898
42.15675,60082
42.16365,61005
42.17055,58754
42.17745,58702
42.18433,59892
42.19123,55733
42.19813,55003
42.20503,55731
42.21192,56729
42.21882,58864
42.22572,59996
42.23260,55850
42.23950,59406
42.24640,58144
42.25330,57498
42.26018,60421
42.26708,57659
42.27398,56775
42.28087,56662
42.28777,54413
42.29467,52132
42.30157,50614
42.30845,53454
42.31535,50171
42.32225,51146
42.32915,50349
42.33603,51738
42.34293,50610
42.34983,49152
42.35672,50781
42.36362,50560
42.37052,48536
42.37742,49003
42.38430,48777
42.39120,47982
42.39810,49089
42.40500,49795
42.41188,50064
42.41878,50618
42.42568,51322
42.43257,53931
42.43947,55995
42.44637,58822
42.45327,60318
42.46015,60768
42.46705,65471
42.47395,67539
42.48083,66474
42.48773,65169
42.49463,63245
42.50153,61308
42.50842,62691
42.51532,62364
42.52222,61643
42.52912,61388
42.53600,58824
42.54290,58365
42.54980,57312
42.55668,58829
42.56358,58301
42.57048,57736
42.57738,59493
42.58427,59040
42.59117,58875
42.59807,55516
42.60497,51968
42.61185,49620
42.61875,48586
42.62565,48965
42.63253,49771
42.63943,49918
42.64633,50032
42.65323,48896
42.66012,44015
42.66702,46909
42.67392,49157
42.68080,48002
42.68770,45197
42.69460,45951
42.70150,45949
42.70838,44764
42.71528,46845
42.72218,48642
42.72908,51518
42.73597,54229
42.74287,61240
42.74977,64320
42.75665,70165
42.76355,73721
42.77045,73428
42.77735,71739
42.78423,64672
42.79113,59304
42.79803,56193
42.80493,52610
42.81182,50642
42.81872,50836
42.82562,49143
42.83250,47945
42.83940,47909
42.84630,47380
42.85320,45232
42.86008,47116
42.86698,46344
42.87388,45946
42.88077,42728
42.88767,46110
42.89457,45216
42.90147,44653
42.90835,44148
42.91525,46582
42.92215,41173
42.92905,43949
42.93593,43525
42.94283,42321
42.94973,44661
42.95662,44420
42.96352,45583
42.97042,43760
42.97732,43548
42.98420,44736
42.99110,45263
42.99800,42502
43.00488,46318
43.01178,41999
43.01868,43734
43.02558,43903
43.03247,43117
43.03937,44566
43.04627,43124
43.05317,42292
43.06005,43863
43.06695,43700
43.07385,42140
43.08073,43714
43.08763,41705
43.09453,42855
43.10143,42427
43.10832,44113
43.11522,44736
43.12212,42719
43.12902,43758
43.13590,44023
43.14280,44131
43.14970,44320
43.15658,45053
43.16348,44118
43.17038,44675
43.17728,44567
43.18417,43631
43.19107,44554
43.19797,44334
43.20485,45269
43.21175,41154
43.21865,42544
43.22555,44978
43.23243,43520
43.23933,42408
43.24623,44537
43.25313,46493
43.26002,40273
43.26692,44193
43.27382,46674
43.28070,44283
43.28760,42853
43.29450,44718
43.30140,45148
43.30828,43570
43.31518,43431
43.32208,42994
43.32898,42050
43.33587,43648
43.34277,43443
43.34967,42515
43.35655,42569
43.36345,42302
43.37035,46065
43.37725,43115
43.38413,45043
43.39103,42939
43.39793,42820
43.40482,45966
43.41172,46998
43.41862,49072
43.42552,46595
43.43240,46864
43.43930,47531
43.44620,48953
43.45310,48627
43.45998,49644
43.46688,51741
43.47378,52283
43.48067,56541
43.48757,60191
43.49447,61013
43.50137,68471
43.50825,72950
43.51515,74251
43.52205,71788
43.52895,70856
43.53583,67345
43.54273,65132
43.54963,57518
43.55652,52921
43.56342,50842
43.57032,49235
43.57722,46816
43.58410,49107
43.59100,50572
43.59790,53226
43.60478,56543
43.61168,58948
43.61858,62979
43.62548,67403
43.63237,71143
43.63927,70425
43.64617,75607
43.65307,81496
43.65995,100349
43.66685,135585
43.67375,194306
43.68063,269120
43.68753,402013
43.69443,536256
43.70133,702270
43.70822,822928
43.71512,941305
43.72202,990419
43.72892,961699
43.73580,856320
43.74270,692291
43.74960,580577
43.75648,496129
43.76338,456813
43.77028,481184
43.77718,542449
43.78407,657381
43.79097,779497
43.79787,910319
43.80475,1016746
43.81165,1070348
43.81855,1029744
43.82545,930335
43.83233,793741
43.83923,657877
43.84613,552886
43.85303,481223
43.85992,425599
43.86682,380909
43.87372,349619
43.88060,320291
43.88750,296793
43.89440,281157
43.90130,265452
43.90818,243381
43.91508,234307
43.92198,217247
43.92887,205998
43.93577,199190
43.94267,189086
43.94957,183511
43.95645,179892
43.96335,181456
43.97025,187538
43.97715,204666
43.98403,235150
43.99093,300267
43.99783,383826
44.00472,503989
44.01162,645046
44.01852,757551
44.02542,881322
44.03230,938011
44.03920,917803
44.04610,839849
44.05300,737381
44.05988,639081
44.06678,544447
44.07368,477753
44.08057,434190
44.08747,407261
44.09437,394186
44.10127,377223
44.10815,367933
44.11505,352983
44.12195,335783
44.12883,319936
44.13573,292193
44.14263,273584
44.14953,256689
44.15642,233082
44.16332,219264
44.17022,213928
44.17712,198557
44.18400,193971
44.19090,188657
44.19780,182220
44.20468,174177
44.21158,167747
44.21848,162579
44.22538,158394
44.23227,153634
44.23917,149383
44.24607,147402
44.25297,145289
44.25985,140508
44.26675,139041
44.27365,134196
44.28053,132591
44.28743,127258
44.29433,124737
44.30123,126218
44.30812,122921
44.31502,119039
44.32192,118872
44.32880,118614
44.33570,117862
44.34260,114674
44.34950,113744
44.35638,116857
44.36328,122327
44.37018,121655
44.37708,122243
44.38397,124981
44.39087,124829
44.39777,120437
44.40465,115471
44.41155,113469
44.41845,109272
44.42535,107751
44.43223,106360
44.43913,102016
44.44603,103813
44.45293,104030
44.45982,99280
44.46672,95156
44.47362,95773
44.48050,94706
44.48740,95402
44.49430,90949
44.50120,92754
44.50808,89181
44.51498,89501
44.52188,87824
44.52877,90266
44.53567,89072
44.54257,84616
44.54947,86924
44.55635,85728
44.56325,84252
44.57015,84737
44.57705,84078
44.58393,82961
44.59083,79654
44.59773,84966
44.60462,83351
44.61152,84750
44.61842,83205
44.62532,86173
44.63220,86875
44.63910,87677
44.64600,88509
44.65288,87603
44.65978,86174
44.66668,89960
44.67358,85939
44.68047,83952
44.68737,80741
44.69427,84444
44.70117,86877
44.70805,83780
44.71495,82060
44.72185,83991
44.72873,82222
44.73563,84072
44.74253,83303
44.74943,79162
44.75632,77751
44.76322,78891
44.77012,78873
44.77702,77034
44.78390,76976
44.79080,79398
44.79770,73206
44.80458,76197
44.81148,77411
44.81838,76321
44.82528,75174
44.83217,76489
44.83907,74843
44.84597,76684
44.85285,76769
44.85975,75036
44.86665,77241
44.87355,78015
44.88043,75703
44.88733,76984
44.89423,78888
44.90113,79563
44.90802,80332
44.91492,80808
44.92182,83977
44.92870,84139
44.93560,85274
44.94250,91249
44.94940,90974
44.95628,91207
44.96318,91927
44.97008,91370
44.97698,92506
44.98387,93807
44.99077,90961
44.99767,90742
45.00455,85874
45.01145,85711
45.01835,81606
45.02525,78541
45.03213,77339
45.03903,77728
45.04593,76510
45.05282,76138
45.05972,75481
45.06662,73921
45.07352,74486
45.08040,76890
45.08730,75481
45.09420,73401
45.10110,73879
45.10798,73206
45.11488,75224
45.12178,75321
45.12867,73085
45.13557,75270
45.14247,75111
45.14937,72788
45.15625,73668
45.16315,72291
45.17005,75047
45.17695,71426
45.18383,75228
45.19073,76401
45.19763,76151
45.20452,74612
45.21142,75883
45.21832,78017
45.22522,76292
45.23210,79597
45.23900,74576
45.24590,74510
45.25278,74570
45.25968,75267
45.26658,74166
45.27348,75731
45.28037,73166
45.28727,73862
45.29417,72251
45.30107,71758
45.30795,74405
45.31485,72872
45.32175,71603
45.32863,74667
45.33553,76092
45.34243,81130
45.34933,85297
45.35622,94519
45.36312,105290
45.37002,116509
45.37692,125514
45.38380,135164
45.39070,141931
45.39760,138122
45.40448,126922
45.41138,116830
45.41828,110997
45.42518,103732
45.43207,93218
45.43897,95661
45.44587,91636
45.45275,88651
45.45965,89819
45.46655,85789
45.47345,86141
45.48033,84857
45.48723,85053
45.49413,83481
45.50103,83929
45.50792,79878
45.51482,77962
45.52172,78911
45.52860,78940
45.53550,82364
45.54240,82107
45.54930,79515
45.55618,77017
45.56308,80551
45.56998,77124
45.57687,80825
45.58377,80905
45.59067,77131
45.59757,78201
45.60445,81956
45.61135,76365
45.61825,78921
45.62515,78541
45.63203,79058
45.63893,76688
45.64583,78055
45.65272,78284
45.65962,77163
45.66652,77650
45.67342,77360
45.68030,75950
45.68720,79227
45.69410,78066
45.70100,81570
45.70788,78716
45.71478,76933
45.72168,79795
45.72857,79757
45.73547,78531
45.74237,78402
45.74927,77954
45.75615,77991
45.76305,79496
45.76995,75490
45.77683,79323
45.78373,81611
45.79063,80200
45.79753,80522
45.80442,82053
45.81132,82960
45.81822,84076
45.82512,84410
45.83200,82292
45.83890,87658
45.84580,86785
45.85268,91159
45.85958,95710
45.86648,101114
45.87338,111390
45.88027,122245
45.88717,137549
45.89407,143129
45.90097,145209
45.90785,139582
45.91475,128742
45.92165,119402
45.92853,109562
45.93543,104073
45.94233,96140
45.94923,90230
45.95612,92767
45.96302,93415
45.96992,92094
45.97680,90588
45.98370,88101
45.99060,92489
45.99750,94609
46.00438,97092
46.01128,98909
46.01818,102038
46.02508,103467
46.03197,109978
46.03887,111963
46.04577,117903
46.05265,129521
46.05955,139076
46.06645,148603
46.07335,158410
46.08023,165871
46.08713,164487
46.09403,175485
46.10093,185517
46.10782,202979
46.11472,244584
46.12162,326242
46.12850,407863
46.13540,485027
46.14230,553539
46.14920,617063
46.15608,609078
46.16298,585663
46.16988,516124
46.17677,424280
46.18367,338849
46.19057,277311
46.19747,234337
46.20435,211926
46.21125,202851
46.21815,198650
46.22505,193458
46.23193,191073
46.23883,182193
46.24573,176559
46.25262,170528
46.25952,160684
46.26642,153487
46.27332,149278
46.28020,141463
46.28710,142011
46.29400,136217
46.30090,136545
46.30778,133159
46.31468,128411
46.32158,130081
46.32847,126479
46.33537,126798
46.34227,120173
46.34917,125366
46.35605,121830
46.36295,123115
46.36985,121378
46.37673,118147
46.38363,123602
46.39053,125207
46.39743,126678
46.40432,131037
46.41122,139415
46.41812,136505
46.42502,139413
46.43190,134759
46.43880,132650
46.44570,129615
46.45258,124794
46.45948,119666
46.46638,114797
46.47328,116610
46.48017,111078
46.48707,112528
46.49397,116258
46.50087,113810
46.50775,113133
46.51465,117750
46.52155,117165
46.52843,118373
46.53533,125321
46.54223,125941
46.54913,124537
46.55602,128527
46.56292,125263
46.56982,126303
46.57670,122441
46.58360,118261
46.59050,116215
46.59740,114891
46.60428,112704
46.61118,110155
46.61808,106260
46.62498,110865
46.63187,110513
46.63877,112359
46.64567,109942
46.65255,106709
46.65945,107405
46.66635,108886
46.67325,103934
46.68013,104965
46.68703,108295
46.69393,105921
46.70082,107090
46.70772,105482
46.71462,105346
46.72152,108811
46.72840,110324
46.73530,109355
46.74220,113003
46.74910,116257
46.75598,121150
46.76288,123707
46.76978,128403
46.77667,128582
46.78357,127255
46.79047,130038
46.79737,124400
46.80425,117617
46.81115,116614
46.81805,112151
46.82495,112139
46.83183,107821
46.83873,109702
46.84563,108621
46.85252,105500
46.85942,108750
46.86632,107534
46.87322,104819
46.88010,105201
46.88700,103951
46.89390,106836
46.90078,106836
46.90768,106097
46.91458,102206
46.92148,104699
46.92837,106414
46.93527,105438
46.94217,106252
46.94907,105352
46.95595,106890
46.96285,104657
46.96975,108070
46.97663,108012
46.98353,103929
46.99043,106549
46.99733,106278
47.00422,108266
47.01112,106830
47.01802,106146
47.02492,108093
47.03180,106392
47.03870,109414
47.04560,108488
47.05248,108076
47.05938,107515
47.06628,107411
47.07318,108344
47.08007,108752
47.08697,103134
47.09387,107452
47.10075,105240
47.10765,108723
47.11455,106805
47.12145,106417
47.12833,106248
47.13523,103614
47.14213,104666
47.14903,108701
47.15592,105713
47.16282,107394
47.16972,107264
47.17660,108181
47.18350,109234
47.19040,109018
47.19730,110106
47.20418,110510
47.21108,111767
47.21798,110824
47.22488,111293
47.23177,107329
47.23867,108635
47.24557,108913
47.25245,109398
47.25935,109166
47.26625,105212
47.27315,111009
47.28003,106662
47.28693,108604
47.29383,107552
47.30072,110636
47.30762,112384
47.31452,106385
47.32142,110334
47.32830,105565
47.33520,109084
47.34210,105691
47.34900,107742
47.35588,107800
47.36278,106643
47.36968,108481
47.37657,110560
47.38347,109849
47.39037,110856
47.39727,108946
47.40415,111249
47.41105,110058
47.41795,110248
47.42483,110204
47.43173,110743
47.43863,109904
47.44553,112380
47.45242,111125
47.45932,107736
47.46622,113531
47.47312,112460
47.48000,109820
47.48690,112716
47.49380,110315
47.50068,111550
47.50758,111158
47.51448,111745
47.52138,112418
47.52827,114476
47.53517,111317
47.54207,114279
47.54897,114414
47.55585,114910
47.56275,113214
47.56965,114860
47.57653,115074
47.58343,116954
47.59033,111886
47.59723,113450
47.60412,114075
47.61102,115577
47.61792,113843
47.62480,112248
47.63170,115607
47.63860,113826
47.64550,113653
47.65238,111173
47.65928,113612
47.66618,115035
47.67308,114684
47.67997,118050
47.68687,113529
47.69377,114639
47.70065,114128
47.70755,116881
47.71445,114864
47.72135,116270
47.72823,115644
47.73513,113421
47.74203,116267
47.74893,114680
47.75582,113745
47.76272,114929
47.76962,116247
47.77650,117237
47.78340,118032
47.79030,115295
47.79720,118434
47.80408,121367
47.81098,116795
47.81788,118680
47.82477,116465
47.83167,117206
47.83857,120566
47.84547,119952
47.85235,118323
47.85925,121317
47.86615,117830
47.87305,121164
47.87993,120328
47.88683,117811
47.89373,121473
47.90062,119159
47.90752,119100
47.91442,120569
47.92132,119741
47.92820,120432
47.93510,121588
47.94200,120980
47.94890,121812
47.95578,124669
47.96268,120164
47.96958,122801
47.97647,122224
47.98337,120048
47.99027,120000
47.99717,122947
48.00405,121192
48.01095,122297
48.01785,122147
48.02473,121767
48.03163,122323
48.03853,123437
48.04543,121806
48.05232,121595
48.05922,125195
48.06612,125384
48.07302,122882
48.07990,123029
48.08680,124111
48.09370,125145
48.10058,124413
48.10748,123167
48.11438,126023
48.12128,128198
48.12817,127152
48.13507,127127
48.14197,125728
48.14885,129691
48.15575,128082
48.16265,131513
48.16955,131972
48.17643,130914
48.18333,127713
48.19023,133750
48.19713,131094
48.20402,129049
48.21092,129132
48.21782,126730
48.22470,130942
48.23160,130302
48.23850,129476
48.24540,128321
48.25228,128611
48.25918,128353
48.26608,129799
48.27298,131203
48.27987,128994
48.28677,130559
48.29367,126363
48.30055,133383
48.30745,132662
48.31435,130179
48.32125,135671
48.32813,130513
48.33503,131606
48.34193,131900
48.34882,130622
48.35572,131134
48.36262,135662
48.36952,132085
48.37640,134347
48.38330,133301
48.39020,134601
48.39710,131497
48.40398,133990
48.41088,134453
48.41778,133377
48.42467,135055
48.43157,133386
48.43847,133039
48.44537,133836
48.45225,134432
48.45915,136458
48.46605,131857
48.47295,135288
48.47983,136529
48.48673,135903
48.49363,135585
48.50052,135270
48.50742,134601
48.51432,135963
48.52122,135732
48.52810,136502
48.53500,134200
48.54190,131849
48.54878,135842
48.55568,133391
48.56258,138140
48.56948,137306
48.57637,138818
48.58327,135027
48.59017,135306
48.59707,135485
48.60395,138645
48.61085,135611
48.61775,137816
48.62463,139578
48.63153,137764
48.63843,138669
48.64533,139764
48.65222,145256
48.65912,138168
48.66602,140188
48.67292,139527
48.67980,140523
48.68670,138793
48.69360,138480
48.70048,137787
48.70738,141155
48.71428,141898
48.72118,141235
48.72807,140150
48.73497,139560
48.74187,136224
48.74875,139541
48.75565,141600
48.76255,139789
48.76945,139567
48.77633,141078
48.78323,142902
48.79013,139816
48.79703,139973
48.80392,141191
48.81082,143228
48.81772,143065
48.82460,147601
48.83150,141306
48.83840,146617
48.84530,143029
48.85218,139824
48.85908,143072
48.86598,146455
48.87288,142555
48.87977,141584
48.88667,143942
48.89357,149590
48.90045,148054
48.90735,142888
48.91425,145929
48.92115,147335
48.92803,145805
48.93493,144140
48.94183,148989
48.94872,150884
48.95562,147997
48.96252,148546
48.96942,151508
48.97630,145612
48.98320,146445
48.99010,149748
48.99700,145604
49.00388,150650
49.01078,147302
49.01768,148399
49.02457,149609
49.03147,149662
49.03837,149561
49.04527,150033
49.05215,149922
49.05905,149890
49.06595,148944
49.07285,152902
49.07973,152742
49.08663,150009
49.09353,145807
49.10042,149841
49.10732,153419
49.11422,149851
49.12112,152996
49.12800,154036
49.13490,151699
49.14180,155257
49.14868,152735
49.15558,151022
49.16248,152837
49.16938,155740
49.17627,154684
49.18317,155793
49.19007,159427
49.19697,152013
49.20385,156314
49.21075,152853
49.21765,156681
49.22453,159009
49.23143,152930
49.23833,154775
49.24523,155841
49.25212,157042
49.25902,156885
49.26592,156459
49.27282,158645
49.27970,157088
49.28660,157878
49.29350,154238
49.30038,155244
49.30728,155244
49.31418,157421
49.32108,157658
49.32797,161855
49.33487,161279
49.34177,159967
49.34865,157843
49.35555,154363
49.36245,158807
49.36935,160596
49.37623,159705
49.38313,162479
49.39003,157518
49.39693,161169
49.40382,161675
49.41072,161969
49.41762,162096
49.42450,163813
49.43140,162296
49.43830,164174
49.44520,163401
49.45208,162369
49.45898,159889
49.46588,161038
49.47277,163069
49.47967,161745
49.48657,162734
49.49347,162783
49.50035,160923
49.50725,163490
49.51415,158453
49.52105,165216
49.52793,166515
49.53483,163708
49.54173,162962
49.54862,164763
49.55552,166165
49.56242,163238
49.56932,161973
49.57620,166510
49.58310,164190
49.59000,163419
49.59690,167550
49.60378,166288
49.61068,167134
49.61758,168981
49.62447,164987
49.63137,166532
49.63827,163846
49.64517,165951
49.65205,167027
49.65895,168619
49.66585,165546
49.67273,169793
49.67963,167237
49.68653,167409
49.69343,167932
49.70032,170255
49.70722,169124
49.71412,167031
49.72102,167971
49.72790,170620
49.73480,172909
49.74170,170787
49.74858,168317
49.75548,171160
49.76238,170514
49.76928,166396
49.77617,173044
49.78307,172492
49.78997,172948
49.79687,170469
49.80375,170579
49.81065,172716
49.81755,168137
49.82443,172972
49.83133,171006
49.83823,175987
49.84513,171954
49.85202,173904
49.85892,174789
49.86582,172113
49.87270,172015
49.87960,173777
49.88650,171398
49.89340,170362
49.90028,175575
49.90718,172122
49.91408,174645
49.92098,175794
49.92787,178614
49.93477,176339
49.94167,175013
49.94855,175421
49.95545,174532
49.96235,174253
49.96925,174334
49.97613,175931
49.98303,173211
49.98993,177713
49.99683,174273
50.00372,176837
50.01062,182115
50.01752,178015
50.02440,181575
50.03130,177935
50.03820,177775
50.04510,178575
50.05198,183100
50.05888,177569
50.06578,180690
50.07267,176653
50.07957,179078
50.08647,180138
50.09337,179649
50.10025,179746
50.10715,182090
50.11405,181168
50.12095,181341
50.12783,178838
50.13473,183280
50.14163,180984
50.14852,182643
50.15542,179360
50.16232,180508
50.16922,185980
50.17610,184074
50.18300,182095
50.18990,185951
50.19678,186337
50.20368,180958
50.21058,187083
50.21748,181835
50.22437,186041
50.23127,184800
50.23817,183100
50.24507,184368
50.25195,186217
50.25885,183507
50.26575,185825
50.27263,183295
50.27953,188331
50.28643,186411
50.29333,184335
50.30022,183845
50.30712,186205
50.31402,183402
50.32092,184980
50.32780,183377
50.33470,184311
50.34160,187151
50.34848,187862
50.35538,182304
50.36228,184481
50.36918,187176
50.37607,188039
50.38297,184307
50.38987,187588
50.39675,185540
50.40365,185971
50.41055,187037
50.41745,187978
50.42433,185699
50.43123,185012
50.43813,184722
50.44503,186031
50.45192,186857
50.45882,191040
50.46572,187562
50.47260,191243
50.47950,188438
50.48640,189884
50.49330,188554
50.50018,189615
50.50708,191650
50.51398,193820
50.52088,189850
50.52777,191102
50.53467,188471
50.54157,192733
50.54845,192218
50.55535,191748
50.56225,194350
50.56915,194476
50.57603,191874
50.58293,195074
50.58983,190211
50.59672,193794
50.60362,193187
50.61052,191555
50.61742,192758
50.62430,197604
50.63120,193287
50.63810,194803
50.64500,194188
50.65188,195213
50.65878,198696
50.66568,194140
50.67257,196598
50.67947,195886
50.68637,196211
50.69327,196310
50.70015,196356
50.70705,195936
50.71395,197028
50.72085,196988
50.72773,194862
50.73463,194190
50.74153,196561
50.74842,194752
50.75532,196113
50.76222,191946
50.76912,195865
50.77600,197135
50.78290,194368
50.78980,195127
50.79668,196478
50.80358,194705
50.81048,196205
50.81738,197846
50.82427,196489
50.83117,196898
50.83807,197259
50.84497,195386
50.85185,200019
50.85875,200158
50.86565,201384
50.87253,197252
50.87943,197225
50.88633,203002
50.89323,199729
50.90012,198216
50.90702,201685
50.91392,201601
50.92080,203629
50.92770,197326
50.93460,199726
50.94150,202485
50.94838,204396
50.95528,199840
50.96218,200276
50.96908,203050
50.97597,198430
50.98287,205970
50.98977,198914
50.99665,200874
51.00355,201354
51.01045,206377
51.01735,206067
51.02423,202508
51.03113,201192
51.03803,200469
51.04493,203242
51.05182,198642
51.05872,200943
51.06562,204651
51.07250,203335
51.07940,203266
51.08630,205222
51.09320,202218
51.10008,204744
51.10698,199904
51.11388,200580
51.12077,200522
51.12767,203093
51.13457,206169
51.14147,203967
51.14835,204956
51.15525,207787
51.16215,205275
51.16905,204187
51.17593,202630
51.18283,204170
51.18973,205222
51.19662,204432
51.20352,208441
51.21042,202986
51.21732,202664
51.22420,203063
51.23110,207016
51.23800,208398
51.24490,205550
51.25178,204461
51.25868,203963
51.26558,206422
51.27247,204741
51.27937,204943
51.28627,209868
51.29317,203742
51.30005,207335
51.30695,210918
51.31385,206033
51.32073,202704
51.32763,202209
51.33453,204866
51.34143,203025
51.34832,205385
51.35522,204574
51.36212,200837
51.36902,203398
51.37590,209506
51.38280,202716
51.38970,205746
51.39658,205917
51.40348,205041
51.41038,204747
51.41728,206089
51.42417,202944
51.43107,205050
51.43797,203568
51.44487,205904
51.45175,205145
51.45865,205099
51.46555,206056
51.47243,207581
51.47933,201489
51.48623,202109
51.49313,205317
51.50002,206406
51.50692,208331
51.51382,207732
51.52070,207542
51.52760,207234
51.53450,212056
51.54140,209363
51.54828,207774
51.55518,205340
51.56208,204791
51.56898,206395
51.57587,209315
51.58277,203438
51.58967,202081
51.59655,206446
51.60345,209423
51.61035,206234
51.61725,206774
51.62413,210121
51.63103,206663
51.63793,207539
51.64483,206984
51.65172,208385
51.65862,208989
51.66552,208633
51.67240,207935
51.67930,204639
51.68620,206752
51.69310,210395
51.69998,210445
51.70688,205589
51.71378,207088
51.72067,206904
51.72757,207291
51.73447,206156
51.74137,208248
51.74825,208860
51.75515,206978
51.76205,204533
51.76895,207916
51.77583,204359
51.78273,207586
51.78963,210944
51.79652,207721
51.80342,207109
51.81032,209150
51.81722,202385
51.82410,208132
51.83100,210445
51.83790,207247
51.84480,205606
51.85168,208351
51.85858,204577
51.86548,206147
51.87237,208600
51.87927,203217
51.88617,206976
51.89307,208624
51.89995,203137
51.90685,208639
51.91375,203110
51.92063,207127
51.92753,207284
51.93443,204333
51.94133,205844
51.94822,205012
51.95512,204947
51.96202,201446
51.96892,200099
51.97580,206999
51.98270,198437
51.98960,201829
51.99648,203328
52.00338,199130
52.01028,203842
52.01718,201617
52.02407,200126
52.03097,201652
52.03787,200669
52.04477,199492
52.05165,200491
52.05855,199589
52.06545,201600
52.07233,197865
52.07923,202562
52.08613,201463
52.09303,193681
52.09992,197272
52.10682,197433
52.11372,201225
52.12060,200149
52.12750,194047
52.13440,196154
52.14130,198888
52.14818,197532
52.15508,196571
52.16198,195311
52.16888,195868
52.17577,199935
52.18267,200040
52.18957,197483
52.19645,195047
52.20335,198487
52.21025,197768
52.21715,196006
52.22403,196439
52.23093,194440
52.23783,191863
52.24472,192139
52.25162,196481
52.25852,194684
52.26542,192494
52.27230,197716
52.27920,197940
52.28610,192498
52.29300,193752
52.29988,196798
52.30678,186721
52.31368,197219
52.32057,190467
52.32747,193473
52.33437,193219
52.34127,195144
52.34815,194342
52.35505,192469
52.36195,193687
52.36885,188619
52.37573,190683
52.38263,194058
52.38953,187088
52.39642,188898
52.40332,184281
52.41022,189954
52.41712,194678
52.42400,184240
52.43090,185905
52.43780,190382
52.44468,191621
52.45158,187206
52.45848,188279
52.46538,185147
52.47227,186289
52.47917,184117
52.48607,186085
52.49297,181177
52.49985,183114
52.50675,186996
52.51365,187102
52.52053,182846
52.52743,185554
52.53433,182915
52.54123,180382
52.54812,182640
52.55502,183679
52.56192,182709
52.56882,184330
52.57570,181137
52.58260,179189
52.58950,184798
52.59638,182739
52.60328,179976
52.61018,181572
52.61708,178707
52.62397,176979
52.63087,180157
52.63777,182910
52.64465,177677
52.65155,181296
52.65845,181428
52.66535,181643
52.67223,178656
52.67913,179393
52.68603,182344
52.69293,177552
52.69982,179696
52.70672,178059
52.71362,180794
52.72050,182155
52.72740,177847
52.73430,174925
52.74120,177027
52.74808,176748
52.75498,180175
52.76188,175681
52.76878,172851
52.77567,179205
52.78257,174694
52.78947,178429
52.79635,172806
52.80325,176206
52.81015,175927
52.81705,175403
52.82393,177289
52.83083,177624
52.83773,174255
52.84462,175602
52.85152,176660
52.85842,179267
52.86532,171969
52.87220,172001
52.87910,173671
52.88600,174883
52.89290,176134
52.89978,176292
52.90668,178310
52.91358,177174
52.92047,172937
52.92737,172472
52.93427,173298
52.94117,176612
52.94805,172923
52.95495,175666
52.96185,176966
52.96873,173685
52.97563,173426
52.98253,174937
52.98943,174184
52.99632,175611
53.00322,174978
53.01012,180057
53.01702,174011
53.02390,173621
53.03080,176356
53.03770,175289
53.04458,175701
53.05148,177104
53.05838,171581
53.06528,175910
53.07217,172498
53.07907,174907
53.08597,173531
53.09287,174174
53.09975,177946
53.10665,176810
53.11355,174626
53.12043,174049
53.12733,177636
53.13423,173928
53.14113,172047
53.14802,174417
53.15492,171010
53.16182,174114
53.16870,174587
53.17560,177692
53.18250,175812
53.18940,175426
53.19628,173697
53.20318,177038
53.21008,172471
53.21698,176343
53.22387,177142
53.23077,176401
53.23767,175550
53.24455,176618
53.25145,177723
53.25835,174666
53.26525,176583
53.27213,177185
53.27903,178102
53.28593,176284
53.29283,176121
53.29972,180123
53.30662,173415
53.31352,177333
53.32040,177428
53.32730,178755
53.33420,177235
53.34110,176518
53.34798,177954
53.35488,182950
53.36178,173923
53.36867,179408
53.37557,177394
53.38247,175533
53.38937,177307
53.39625,183046
53.40315,177191
53.41005,176835
53.41695,177263
53.42383,180484
53.43073,178787
53.43763,180119
53.44452,182264
53.45142,174692
53.45832,181659
53.46522,181409
53.47210,180683
53.47900,178847
53.48590,176837
53.49280,176919
53.49968,181285
53.50658,182084
53.51348,186555
53.52037,183080
53.52727,182498
53.53417,181411
53.54107,180417
53.54795,183181
53.55485,180515
53.56175,182469
53.56863,186601
53.57553,184243
53.58243,182343
53.58933,185219
53.59622,183251
53.60312,181570
53.61002,182473
53.61692,182664
53.62380,184235
53.63070,186256
53.63760,185006
53.64448,186254
53.65138,189379
53.65828,188105
53.66518,187701
53.67207,186061
53.67897,185971
53.68587,185828
53.69277,186394
53.69965,187681
53.70655,188639
53.71345,189370
53.72033,185717
53.72723,187105
53.73413,187614
53.74103,187998
53.74792,189664
53.75482,187101
53.76172,188020
53.76860,187068
53.77550,188180
53.78240,192352
53.78930,190349
53.79618,189273
53.80308,188173
53.80998,189413
53.81688,189087
53.82377,187050
53.83067,191239
53.83757,188900
53.84445,188392
53.85135,190994
53.85825,188301
53.86515,191896
53.87203,190148
53.87893,192354
53.88583,193791
53.89272,191544
53.89962,193874
53.90652,192232
53.91342,187338
53.92030,191676
53.92720,192393
53.93410,194847
53.94100,193494
53.94788,190937
53.95478,191356
53.96168,192877
53.96857,191625
53.97547,192303
53.98237,193769
53.98927,188490
53.99615,193827
54.00305,192923
54.00995,195135
54.01685,191929
54.02373,192601
54.03063,193055
54.03753,196568
54.04442,192862
54.05132,197251
54.05822,191972
54.06512,194882
54.07200,191275
54.07890,193050
54.08580,193819
54.09268,194280
54.09958,195612
54.10648,190809
54.11338,194633
54.12027,196140
54.12717,192388
54.13407,195164
54.14097,195058
54.14785,193839
54.15475,193252
54.16165,192651
54.16853,191003
54.17543,193836
54.18233,194680
54.18923,195244
54.19612,191628
54.20302,193846
54.20992,189778
54.21682,193510
54.22370,193717
54.23060,192881
54.23750,191586
54.24438,186881
54.25128,192958
54.25818,191002
54.26508,191236
54.27197,190885
54.27887,191480
54.28577,190065
54.29265,188078
54.29955,190993
54.30645,191109
54.31335,193044
54.32023,192857
54.32713,188683
54.33403,193438
54.34093,193840
54.34782,187469
54.35472,191400
54.36162,195380
54.36850,192399
54.37540,193218
54.38230,196610
54.38920,193392
54.39608,192477
54.40298,191687
54.40988,189030
54.41678,194938
54.42367,187777
54.43057,190507
54.43747,194060
54.44435,192947
54.45125,188525
54.45815,189823
54.46505,191456
54.47193,191466
54.47883,190817
54.48573,190063
54.49262,193702
54.49952,192265
54.50642,194065
54.51332,191089
54.52020,193398
54.52710,190955
54.53400,192886
54.54090,195472
54.54778,192009
54.55468,190596
54.56158,193034
54.56847,189090
54.57537,195424
54.58227,193791
54.58917,192273
54.59605,190959
54.60295,191672
54.60985,195111
54.61675,190867
54.62363,191930
54.63053,194395
54.63743,193127
54.64432,195079
54.65122,195061
54.65812,194857
54.66502,192527
54.67190,190752
54.67880,193287
54.68570,198649
54.69258,197544
54.69948,197378
54.70638,194668
54.71328,190086
54.72017,192396
54.72707,191794
54.73397,192962
54.74087,192391
54.74775,189651
54.75465,189335
54.76155,193597
54.76843,190112
54.77533,190475
54.78223,188897
54.78913,183548
54.79602,190258
54.80292,187196
54.80982,189033
54.81672,189185
54.82360,187240
54.83050,186932
54.83740,189291
54.84428,185448
54.85118,185046
54.85808,184577
54.86498,182181
54.87187,186692
54.87877,183793
54.88567,184853
54.89255,183855
54.89945,183216
54.90635,180688
54.91325,183073
54.92013,179886
54.92703,177602
54.93393,178962
54.94083,178647
54.94772,181554
54.95462,174300
54.96152,181012
54.96840,177982
54.97530,178224
54.98220,177409
54.98910,176606
54.99598,174392
55.00288,173952
55.00978,178951
55.01667,176541
55.02357,178450
55.03047,173896
55.03737,174754
55.04425,172684
55.05115,170838
55.05805,173624
55.06495,172928
55.07183,170186
55.07873,177710
55.08563,172305
55.09252,171091
55.09942,173177
55.10632,174495
55.11322,172886
55.12010,174755
55.12700,171174
55.13390,173185
55.14080,171611
55.14768,171197
55.15458,171440
55.16148,171688
55.16837,173004
55.17527,172969
55.18217,172528
55.18907,168655
55.19595,168497
55.20285,169206
55.20975,167969
55.21663,165157
55.22353,167380
55.23043,171394
55.23733,167974
55.24422,170689
55.25112,165322
55.25802,168382
55.26492,165584
55.27180,170072
55.27870,169144
55.28560,168805
55.29248,164322
55.29938,171060
55.30628,164840
55.31318,169845
55.32007,161170
55.32697,169473
55.33387,167104
55.34077,168724
55.34765,164314
55.35455,163601
55.36145,164700
55.36833,163595
55.37523,167810
55.38213,167791
55.38903,160884
55.39592,169049
55.40282,162508
55.40972,162956
55.41660,167186
55.42350,166310
55.43040,164837
55.43730,163133
55.44418,164721
55.45108,162989
55.45798,165188
55.46488,161564
55.47177,166074
55.47867,163024
55.48557,164198
55.49245,161054
55.49935,162356
55.50625,160424
55.51315,160499
55.52003,159793
55.52693,158165
55.53383,160920
55.54073,160440
55.54762,158288
55.55452,163526
55.56142,159221
55.56830,159784
55.57520,161823
55.58210,164987
55.58900,159768
55.59588,159261
55.60278,158148
55.60968,162603
55.61657,161302
55.62347,159182
55.63037,158763
55.63727,157922
55.64415,161416
55.65105,157342
55.65795,158502
55.66485,154355
55.67173,154459
55.67863,155926
55.68553,159990
55.69242,156373
55.69932,161873
55.70622,155692
55.71312,156817
55.72000,155002
55.72690,157665
55.73380,154006
55.74068,158968
55.74758,156191
55.75448,150771
55.76138,155848
55.76827,153242
55.77517,158731
55.78207,157507
55.78897,155694
55.79585,155995
55.80275,155948
55.80965,158965
55.81653,153828
55.82343,154422
55.83033,157786
55.83723,154166
55.84412,153160
55.85102,156121
55.85792,152587
55.86482,156338
55.87170,155241
55.87860,153592
55.88550,156569
55.89238,156160
55.89928,151674
55.90618,153081
55.91308,154374
55.91997,152038
55.92687,155592
55.93377,157346
55.94065,155387
55.94755,156994
55.95445,155120
55.96135,153586
55.96823,152557
55.97513,156161
55.98203,153150
55.98893,153837
55.99582,153661
56.00272,153991
56.00962,151012
56.01650,150816
56.02340,152877
56.03030,151441
56.03720,154857
56.04408,153281
56.05098,156127
56.05788,154137
56.06478,153242
56.07167,150659
56.07857,151660
56.08547,150728
56.09235,152230
56.09925,151715
56.10615,151933
56.11305,153995
56.11993,152730
56.12683,152049
56.13373,150192
56.14062,150914
56.14752,154256
56.15442,151717
56.16132,151503
56.16820,148562
56.17510,149838
56.18200,152965
56.18890,149473
56.19578,150256
56.20268,148985
56.20958,151358
56.21647,150680
56.22337,149155
56.23027,149772
56.23717,150057
56.24405,152406
56.25095,149991
56.25785,152231
56.26475,148205
56.27163,150899
56.27853,149013
56.28543,152230
56.29232,151566
56.29922,148917
56.30612,148966
56.31302,149573
56.31990,148279
56.32680,146379
56.33370,150724
56.34058,152209
56.34748,147867
56.35438,149604
56.36128,146004
56.36817,148691
56.37507,152416
56.38197,150906
56.38887,151736
56.39575,149114
56.40265,147039
56.40955,149407
56.41643,149711
56.42333,150227
56.43023,151732
56.43713,150490
56.44402,152528
56.45092,149197
56.45782,152358
56.46472,151837
56.47160,150616
56.47850,147445
56.48540,152651
56.49228,151350
56.49918,152778
56.50608,150393
56.51298,146234
56.51987,148456
56.52677,148780
56.53367,150777
56.54055,148166
56.54745,151448
56.55435,148153
56.56125,150423
56.56813,150529
56.57503,149234
56.58193,150539
56.58883,147382
56.59572,148428
56.60262,149666
56.60952,150454
56.61640,150209
56.62330,148813
56.63020,148630
56.63710,145583
56.64398,147579
56.65088,148579
56.65778,147698
56.66467,148691
56.67157,146459
56.67847,148952
56.68537,150275
56.69225,147548
56.69915,148446
56.70605,147347
56.71295,149419
56.71983,146144
56.72673,147926
56.73363,149271
56.74052,149920
56.74742,149053
56.75432,148881
56.76122,149529
56.76810,148360
56.77500,146710
56.78190,150667
56.78880,146957
56.79568,149249
56.80258,149073
56.80948,148561
56.81637,148812
56.82327,148108
56.83017,146405
56.83707,147565
56.84395,147008
56.85085,147933
56.85775,147501
56.86463,144533
56.87153,146285
56.87843,147357
56.88533,151118
56.89222,151026
56.89912,147332
56.90602,149480
56.91292,147054
56.91980,149467
56.92670,146403
56.93360,150179
56.94048,149488
56.94738,150117
56.95428,149186
56.96118,149325
56.96807,145819
56.97497,149361
56.98187,146566
56.98877,146336
56.99565,146154
57.00255,145251
57.00945,148902
57.01633,147890
57.02323,150130
57.03013,143306
57.03703,147439
57.04392,145861
57.05082,146875
57.05772,144710
57.06460,147708
57.07150,146024
57.07840,144957
57.08530,149460
57.09218,147565
57.09908,148675
57.10598,150512
57.11288,146659
57.11977,143911
57.12667,145965
57.13357,146254
57.14045,144825
57.14735,148024
57.15425,145162
57.16115,144505
57.16803,151364
57.17493,144798
57.18183,145125
57.18873,146129
57.19562,148917
57.20252,149753
57.20942,149767
57.21630,146979
57.22320,148148
57.23010,147078
57.23700,149013
57.24388,147808
57.25078,146941
57.25768,145267
57.26457,146030
57.27147,147471
57.27837,147525
57.28527,147531
57.29215,150352
57.29905,149445
57.30595,147093
57.31285,147861
57.31973,146714
57.32663,147344
57.33353,144740
57.34042,148170
57.34732,144978
57.35422,144516
57.36112,147011
57.36800,151929
57.37490,145535
57.38180,147958
57.38870,144542
57.39558,147871
57.40248,145137
57.40938,146155
57.41627,146662
57.42317,146925
57.43007,144753
57.43697,147515
57.44385,147375
57.45075,141856
57.45765,145910
57.46453,143707
57.47143,147851
57.47833,143311
57.48523,142383
57.49212,140932
57.49902,147517
57.50592,145959
57.51282,146548
57.51970,149480
57.52660,147255
57.53350,145729
57.54038,146213
57.54728,144277
57.55418,143660
57.56108,145354
57.56797,145835
57.57487,145989
57.58177,148297
57.58867,152076
57.59555,145473
57.60245,143714
57.60935,147403
57.61623,149789
57.62313,147587
57.63003,143722
57.63693,147508
57.64382,148586
57.65072,149826
57.65762,145241
57.66450,145818
57.67140,145684
57.67830,144244
57.68520,141196
57.69208,145744
57.69898,142194
57.70588,147738
57.71278,146079
57.71967,145714
57.72657,146618
57.73347,145821
57.74035,143869
57.74725,148374
57.75415,144060
57.76105,145210
57.76793,146146
57.77483,143520
57.78173,143370
57.78862,143271
57.79552,145690
57.80242,143611
57.80932,142488
57.81620,143421
57.82310,146938
57.83000,146976
57.83690,148880
57.84378,146830
57.85068,146322
57.85758,144674
57.86447,143569
57.87137,146911
57.87827,142740
57.88517,147372
57.89205,144859
57.89895,145167
57.90585,143417
57.91275,143060
57.91963,145320
57.92653,145849
57.93343,142734
57.94032,143940
57.94722,146923
57.95412,145317
57.96102,144646
57.96790,143318
57.97480,144928
57.98170,145214
57.98858,144428
57.99548,148559
58.00238,144186
58.00928,140892
58.01617,148975
58.02307,145887
58.02997,144401
58.03687,146432
58.04375,144441
58.05065,146714
58.05755,144370
58.06443,143279
58.07133,144231
58.07823,145746
58.08513,142781
58.09202,143309
58.09892,144467
58.10582,143128
58.11272,144882
58.11960,144799
58.12650,145116
58.13340,144295
58.14028,141740
58.14718,141813
58.15408,145559
58.16098,144352
58.16787,145074
58.17477,146536
58.18167,144448
58.18855,141737
58.19545,148345
58.20235,147365
58.20925,140059
58.21613,147316
58.22303,143731
58.22993,145383
58.23683,144086
58.24372,145692
58.25062,143768
58.25752,139680
58.26440,146174
58.27130,144772
58.27820,143473
58.28510,145612
58.29198,145254
58.29888,144968
58.30578,145758
58.31268,141862
58.31957,145889
58.32647,139247
58.33337,142700
58.34025,144836
58.34715,142490
58.35405,141679
58.36095,142707
58.36783,144214
58.37473,144063
58.38163,147034
58.38852,143380
58.39542,145024
58.40232,145924
58.40922,146145
58.41610,143802
58.42300,142179
58.42990,143034
58.43680,144369
58.44368,142375
58.45058,145190
58.45748,142559
58.46437,141348
58.47127,142684
58.47817,143991
58.48507,143228
58.49195,144199
58.49885,142044
58.50575,142478
58.51263,142265
58.51953,142681
58.52643,143359
58.53333,145265
58.54022,143033
58.54712,141303
58.55402,143139
58.56092,140202
58.56780,143764
58.57470,142161
58.58160,144298
58.58848,146836
58.59538,141470
58.60228,143644
58.60918,143731
58.61607,141027
58.62297,140139
58.62987,146682
58.63677,144786
58.64365,142825
58.65055,143595
58.65745,141933
58.66433,143677
58.67123,140183
58.67813,142487
58.68503,146470
58.69192,141934
58.69882,142621
58.70572,142757
58.71260,144479
58.71950,143006
58.72640,143029
58.73330,143479
58.74018,143717
58.74708,142953
58.75398,144272
58.76088,142681
58.76777,143944
58.77467,144297
58.78157,144143
58.78845,141927
58.79535,144478
58.80225,143090
58.80915,142516
58.81603,146810
58.82293,144273
58.82983,141560
58.83673,143281
58.84362,139030
58.85052,138494
58.85742,142069
58.86430,141875
58.87120,140650
58.87810,139817
58.88500,142124
58.89188,144124
58.89878,141732
58.90568,144506
58.91257,144118
58.91947,139727
58.92637,143894
58.93327,144837
58.94015,144039
58.94705,141035
58.95395,145615
58.96085,142218
58.96773,145912
58.97463,145969
58.98153,138910
58.98842,143318
