D:\MASSHUNTER\GCMS\1\DATA\DR_NM_178.D Fri Apr 08 06:50:19 2022
Start of data points
4.09398,50881
4.10088,48796
4.10778,45788
4.11467,43445
4.12157,43464
4.12847,50916
4.13537,61371
4.14225,71502
4.14915,71213
4.15605,72000
4.16293,79053
4.16983,94587
4.17673,99653
4.18363,96904
4.19052,88209
4.19742,84289
4.20432,73987
4.21120,67933
4.21810,62390
4.22500,57391
4.23190,54276
4.23878,49360
4.24568,46002
4.25258,44582
4.25948,39620
4.26637,36522
4.27327,34748
4.28017,32776
4.28705,31016
4.29395,29109
4.30085,26636
4.30775,24957
4.31463,25638
4.32153,22551
4.32843,21796
4.33533,19631
4.34222,19677
4.34912,18881
4.35602,20313
4.36290,20758
4.36980,22785
4.37670,22166
4.38360,20978
4.39048,21875
4.39738,22639
4.40428,22073
4.41117,21184
4.41807,19028
4.42497,17730
4.43187,16639
4.43875,15267
4.44565,14427
4.45255,12891
4.45945,11996
4.46633,11522
4.47323,11221
4.48013,10592
4.48702,9060
4.49392,9660
4.50082,10085
4.50772,8810
4.51460,8655
4.52150,9414
4.52840,8490
4.53530,8366
4.54218,8508
4.54908,7272
4.55598,7498
4.56287,7640
4.56977,6841
4.57667,6355
4.58357,7884
4.59045,7621
4.59735,7286
4.60425,7653
4.61113,7988
4.61803,7202
4.62493,7443
4.63183,8307
4.63872,7190
4.64562,7016
4.65252,7539
4.65942,8085
4.66630,7968
4.67320,7955
4.68010,7666
4.68698,8381
4.69388,8621
4.70078,8447
4.70768,9059
4.71457,8538
4.72147,10037
4.72837,9854
4.73527,9154
4.74215,9608
4.74905,8354
4.75595,9843
4.76283,9213
4.76973,8890
4.77663,8712
4.78353,9291
4.79042,9045
4.79732,8407
4.80422,9907
4.81110,8189
4.81800,8313
4.82490,8807
4.83180,7942
4.83868,9073
4.84558,6799
4.85248,9331
4.85938,8031
4.86627,9276
4.87317,9033
4.88007,8264
4.88695,9251
4.89385,8990
4.90075,9286
4.90765,9049
4.91453,8668
4.92143,8457
4.92833,9838
4.93523,9081
4.94212,7916
4.94902,8605
4.95592,8546
4.96280,9707
4.96970,8459
4.97660,8325
4.98350,7537
4.99038,7030
4.99728,9250
5.00418,8808
5.01107,8076
5.01797,8033
5.02487,8079
5.03177,8691
5.03865,8253
5.04555,7613
5.05245,7862
5.05935,8080
5.06623,8174
5.07313,8835
5.08003,10494
5.08692,13298
5.09382,12913
5.10072,16212
5.10762,14730
5.11450,13723
5.12140,13314
5.12830,12335
5.13520,12065
5.14208,11595
5.14898,10573
5.15588,9711
5.16277,9581
5.16967,9450
5.17657,9332
5.18347,9219
5.19035,8054
5.19725,8060
5.20415,7304
5.21103,7988
5.21793,7082
5.22483,6853
5.23173,7059
5.23862,6639
5.24552,6867
5.25242,6284
5.25932,4889
5.26620,6305
5.27310,5136
5.28000,5975
5.28688,5668
5.29378,6589
5.30068,5649
5.30758,7093
5.31447,6271
5.32137,6014
5.32827,6053
5.33517,5874
5.34205,5305
5.34895,5991
5.35585,6018
5.36273,6208
5.36963,5954
5.37653,6185
5.38343,5845
5.39032,5247
5.39722,5480
5.40412,4968
5.41100,6081
5.41790,5687
5.42480,5190
5.43170,4548
5.43858,5180
5.44548,5186
5.45238,5199
5.45928,3998
5.46617,5502
5.47307,4551
5.47997,4902
5.48685,4550
5.49375,3986
5.50065,5743
5.50755,5143
5.51443,4891
5.52133,5907
5.52823,5574
5.53512,5202
5.54202,6179
5.54892,4785
5.55582,4541
5.56270,5161
5.56960,4743
5.57650,4900
5.58340,4830
5.59028,5140
5.59718,5389
5.60408,5391
5.61097,4481
5.61787,4655
5.62477,5361
5.63167,4853
5.63855,4922
5.64545,4426
5.65235,5786
5.65925,5472
5.66613,5935
5.67303,6465
5.67993,5393
5.68682,5613
5.69372,5814
5.70062,5750
5.70752,6107
5.71440,5198
5.72130,5747
5.72820,5979
5.73508,5878
5.74198,4692
5.74888,5999
5.75578,5620
5.76267,5848
5.76957,4778
5.77647,5943
5.78337,4682
5.79025,5782
5.79715,5251
5.80405,5430
5.81093,4826
5.81783,5958
5.82473,4528
5.83163,5194
5.83852,5391
5.84542,6045
5.85232,5146
5.85922,5867
5.86610,4790
5.87300,5023
5.87990,5047
5.88678,5235
5.89368,5208
5.90058,5003
5.90748,5733
5.91437,5404
5.92127,5058
5.92817,5033
5.93505,4295
5.94195,4556
5.94885,4244
5.95575,4293
5.96263,5123
5.96953,4710
5.97643,5047
5.98333,5107
5.99022,4300
5.99712,4008
6.00402,4672
6.01090,4183
6.01780,4931
6.02470,4976
6.03160,4089
6.03848,5254
6.04538,5201
6.05228,3262
6.05918,4427
6.06607,4053
6.07297,4381
6.07987,4962
6.08675,4999
6.09365,4042
6.10055,5267
6.10745,3952
6.11433,4526
6.12123,4168
6.12813,4630
6.13502,4847
6.14192,4683
6.14882,3701
6.15572,4130
6.16260,5011
6.16950,4754
6.17640,3744
6.18330,5179
6.19018,4782
6.19708,4657
6.20398,4695
6.21087,3096
6.21777,4935
6.22467,3982
6.23157,3861
6.23845,4490
6.24535,4654
6.25225,4597
6.25913,4483
6.26603,4376
6.27293,4520
6.27983,4338
6.28672,4066
6.29362,4795
6.30052,4561
6.30742,4208
6.31430,3956
6.32120,4831
6.32810,4122
6.33498,4986
6.34188,4447
6.34878,4076
6.35568,4086
6.36257,4279
6.36947,4588
6.37637,4150
6.38327,4093
6.39015,4252
6.39705,4788
6.40395,4067
6.41083,4103
6.41773,3996
6.42463,4415
6.43153,4037
6.43842,4264
6.44532,4368
6.45222,4474
6.45910,3690
6.46600,4436
6.47290,4408
6.47980,4269
6.48668,3980
6.49358,4544
6.50048,4845
6.50738,3761
6.51427,4417
6.52117,3809
6.52807,3767
6.53495,3699
6.54185,3720
6.54875,4020
6.55565,4291
6.56253,4235
6.56943,4100
6.57633,4502
6.58323,4365
6.59012,3915
6.59702,4225
6.60392,4503
6.61080,4587
6.61770,4985
6.62460,4190
6.63150,4194
6.63838,4597
6.64528,4110
6.65218,3840
6.65907,3913
6.66597,4932
6.67287,4104
6.67977,4767
6.68665,4121
6.69355,4714
6.70045,3606
6.70735,4988
6.71423,3242
6.72113,4959
6.72803,3475
6.73492,4170
6.74182,4642
6.74872,4701
6.75562,4034
6.76250,4281
6.76940,4587
6.77630,4130
6.78320,3992
6.79008,4086
6.79698,4087
6.80388,4507
6.81077,4163
6.81767,4098
6.82457,4739
6.83147,3913
6.83835,4068
6.84525,3931
6.85215,3525
6.85903,3278
6.86593,4015
6.87283,4042
6.87973,4016
6.88662,3766
6.89352,4328
6.90042,4227
6.90732,3782
6.91420,3409
6.92110,3423
6.92800,4188
6.93488,4607
6.94178,4121
6.94868,4007
6.95558,4231
6.96247,4451
6.96937,4439
6.97627,4721
6.98315,3837
6.99005,5130
6.99695,4444
7.00385,3357
7.01073,4667
7.01763,4874
7.02453,4745
7.03143,3822
7.03832,4987
7.04522,4633
7.05212,3684
7.05900,4764
7.06590,3671
7.07280,4091
7.07970,4869
7.08658,4027
7.09348,4296
7.10038,4550
7.10728,4211
7.11417,4736
7.12107,4382
7.12797,5411
7.13485,5733
7.14175,5306
7.14865,4384
7.15555,4293
7.16243,5524
7.16933,5461
7.17623,5338
7.18312,4502
7.19002,4135
7.19692,4370
7.20382,4669
7.21070,3849
7.21760,4639
7.22450,3978
7.23140,4494
7.23828,4227
7.24518,4163
7.25208,4792
7.25897,5180
7.26587,4357
7.27277,4635
7.27967,4187
7.28655,5572
7.29345,4968
7.30035,5075
7.30725,4094
7.31413,5258
7.32103,5914
7.32793,5409
7.33482,4601
7.34172,4590
7.34862,4359
7.35552,4184
7.36240,6425
7.36930,10663
7.37620,17738
7.38308,23648
7.38998,26091
7.39688,26957
7.40378,25652
7.41067,22795
7.41757,18715
7.42447,15897
7.43137,13418
7.43825,12056
7.44515,10966
7.45205,10565
7.45893,10251
7.46583,8754
7.47273,8279
7.47963,7666
7.48652,7196
7.49342,7594
7.50032,6586
7.50722,6788
7.51410,6398
7.52100,5653
7.52790,5341
7.53478,5196
7.54168,5349
7.54858,4349
7.55548,5308
7.56237,5388
7.56927,5119
7.57617,4733
7.58305,4078
7.58995,4643
7.59685,5144
7.60375,4855
7.61063,4464
7.61753,4626
7.62443,4430
7.63133,4151
7.63822,4324
7.64512,4111
7.65202,4631
7.65890,4360
7.66580,3737
7.67270,4416
7.67960,3936
7.68648,4179
7.69338,4045
7.70028,3324
7.70718,4506
7.71407,4440
7.72097,4333
7.72787,4684
7.73475,4677
7.74165,4487
7.74855,4974
7.75545,4018
7.76233,6215
7.76923,4990
7.77613,5497
7.78302,5119
7.78992,4414
7.79682,5311
7.80372,4241
7.81060,5309
7.81750,4504
7.82440,4053
7.83130,4643
7.83818,4295
7.84508,3936
7.85198,3016
7.85887,3912
7.86577,3295
7.87267,4528
7.87957,4362
7.88645,4038
7.89335,3782
7.90025,4465
7.90715,3356
7.91403,3649
7.92093,3685
7.92783,3723
7.93472,3187
7.94162,3987
7.94852,3868
7.95542,3299
7.96230,3784
7.96920,4062
7.97610,2491
7.98298,3970
7.98988,4345
7.99678,3915
8.00368,4060
8.01057,3736
8.01747,3879
8.02437,3644
8.03127,3913
8.03815,3345
8.04505,3293
8.05195,3709
8.05883,3584
8.06573,3729
8.07263,3797
8.07953,4087
8.08642,3797
8.09332,3333
8.10022,3362
8.10712,2910
8.11400,3855
8.12090,3596
8.12780,3853
8.13468,3711
8.14158,4222
8.14848,3424
8.15538,3669
8.16227,3106
8.16917,3976
8.17607,3922
8.18295,3199
8.18985,3812
8.19675,3294
8.20365,4190
8.21053,3887
8.21743,3894
8.22433,4120
8.23123,3403
8.23812,3356
8.24502,3144
8.25192,4258
8.25880,3522
8.26570,3284
8.27260,3580
8.27950,3652
8.28638,3700
8.29328,3383
8.30018,3049
8.30707,3571
8.31397,3131
8.32087,2999
8.32777,3859
8.33465,3337
8.34155,4126
8.34845,3604
8.35535,3536
8.36223,3554
8.36913,3414
8.37603,2960
8.38292,2935
8.38982,3391
8.39672,3004
8.40362,2940
8.41050,3675
8.41740,3548
8.42430,3659
8.43120,2961
8.43808,3311
8.44498,3623
8.45188,3132
8.45877,4101
8.46567,3899
8.47257,3337
8.47947,3489
8.48635,3059
8.49325,3576
8.50015,3780
8.50703,3271
8.51393,3005
8.52083,2645
8.52773,3026
8.53462,3363
8.54152,3515
8.54842,3460
8.55532,3692
8.56220,3064
8.56910,3977
8.57600,3694
8.58288,2914
8.58978,4014
8.59668,3211
8.60358,2652
8.61047,3692
8.61737,3156
8.62427,2437
8.63117,3558
8.63805,3299
8.64495,3841
8.65185,3350
8.65873,3222
8.66563,3485
8.67253,2752
8.67943,3218
8.68632,3116
8.69322,4431
8.70012,4023
8.70700,3982
8.71390,4602
8.72080,5064
8.72770,4823
8.73458,4288
8.74148,4485
8.74838,4620
8.75528,4464
8.76217,4231
8.76907,2990
8.77597,4167
8.78285,4260
8.78975,3639
8.79665,3656
8.80355,3855
8.81043,3838
8.81733,3296
8.82423,3330
8.83113,3080
8.83802,3097
8.84492,3004
8.85182,3359
8.85870,3127
8.86560,3577
8.87250,2951
8.87940,2848
8.88628,3319
8.89318,2752
8.90008,3495
8.90697,2687
8.91387,2770
8.92077,3509
8.92767,3089
8.93455,3289
8.94145,3937
8.94835,3133
8.95525,2978
8.96213,3051
8.96903,3310
8.97593,3031
8.98282,3351
8.98972,3771
8.99662,3417
9.00352,3248
9.01040,3540
9.01730,3210
9.02420,3314
9.03108,3152
9.03798,2476
9.04488,2830
9.05178,2864
9.05867,3029
9.06557,2224
9.07247,3589
9.07937,2422
9.08625,3181
9.09315,3439
9.10005,3127
9.10693,3271
9.11383,2658
9.12073,3419
9.12763,3576
9.13452,3833
9.14142,4527
9.14832,3100
9.15522,4571
9.16210,3837
9.16900,3961
9.17590,3842
9.18278,3863
9.18968,3411
9.19658,3775
9.20348,3769
9.21037,3548
9.21727,3730
9.22417,3988
9.23105,3709
9.23795,3617
9.24485,3379
9.25175,4690
9.25863,4447
9.26553,4025
9.27243,3883
9.27933,4064
9.28622,3435
9.29312,3532
9.30002,3662
9.30690,3352
9.31380,2939
9.32070,4322
9.32760,3790
9.33448,3355
9.34138,3891
9.34828,3411
9.35518,2835
9.36207,3741
9.36897,3721
9.37587,2855
9.38275,3688
9.38965,3096
9.39655,3042
9.40345,2896
9.41033,3859
9.41723,3664
9.42413,3749
9.43102,3080
9.43792,3287
9.44482,3219
9.45172,3066
9.45860,3774
9.46550,2982
9.47240,3110
9.47930,2962
9.48618,3235
9.49308,3326
9.49998,2751
9.50687,2936
9.51377,3324
9.52067,2799
9.52757,3669
9.53445,3005
9.54135,2729
9.54825,3296
9.55515,3406
9.56203,4132
9.56893,2974
9.57583,2895
9.58272,2575
9.58962,3061
9.59652,3832
9.60342,3225
9.61030,2813
9.61720,3454
9.62410,2656
9.63098,3799
9.63788,3807
9.64478,3513
9.65168,3369
9.65857,2884
9.66547,3135
9.67237,3017
9.67927,2728
9.68615,3511
9.69305,3452
9.69995,3258
9.70683,2567
9.71373,3289
9.72063,2919
9.72753,3357
9.73442,2469
9.74132,3171
9.74822,3775
9.75510,3696
9.76200,4197
9.76890,4394
9.77580,3721
9.78268,3380
9.78958,3260
9.79648,3580
9.80338,3573
9.81027,3467
9.81717,2649
9.82407,3616
9.83095,3125
9.83785,3509
9.84475,2079
9.85165,2931
9.85853,4024
9.86543,3700
9.87233,3433
9.87923,3846
9.88612,3454
9.89302,3413
9.89992,3437
9.90680,4017
9.91370,6540
9.92060,10382
9.92750,14918
9.93438,19430
9.94128,19635
9.94818,19777
9.95507,18515
9.96197,14985
9.96887,11626
9.97577,10404
9.98265,8422
9.98955,8320
9.99645,8166
10.00335,6033
10.01023,6042
10.01713,4634
10.02403,5637
10.03092,4333
10.03782,4299
10.04472,4407
10.05162,4296
10.05850,3992
10.06540,3603
10.07230,3510
10.07920,2400
10.08608,3522
10.09298,2753
10.09988,3184
10.10677,3812
10.11367,3665
10.12057,3622
10.12747,3120
10.13435,3869
10.14125,3077
10.14815,2747
10.15503,3161
10.16193,3670
10.16883,3364
10.17573,2916
10.18262,3558
10.18952,3358
10.19642,3079
10.20332,2866
10.21020,3756
10.21710,3149
10.22400,3378
10.23088,3015
10.23778,2364
10.24468,3363
10.25158,2956
10.25847,2437
10.26537,3221
10.27227,2947
10.27917,2894
10.28605,2587
10.29295,2926
10.29985,3026
10.30673,2092
10.31363,2666
10.32053,3543
10.32743,3278
10.33432,2891
10.34122,2786
10.34812,2963
10.35500,2021
10.36190,3195
10.36880,3080
10.37570,2968
10.38258,2278
10.38948,3292
10.39638,3037
10.40328,2603
10.41017,2415
10.41707,2452
10.42397,3217
10.43085,1979
10.43775,2633
10.44465,2431
10.45155,2644
10.45843,2663
10.46533,2673
10.47223,2549
10.47913,3736
10.48602,2491
10.49292,2887
10.49982,2909
10.50670,3518
10.51360,2704
10.52050,3042
10.52740,3418
10.53428,2905
10.54118,2563
10.54808,3205
10.55497,3101
10.56187,3401
10.56877,2623
10.57567,2530
10.58255,3764
10.58945,3397
10.59635,2923
10.60325,3806
10.61013,3470
10.61703,2623
10.62393,3086
10.63082,3407
10.63772,3274
10.64462,2536
10.65152,3282
10.65840,2005
10.66530,2372
10.67220,2815
10.67910,2712
10.68598,2526
10.69288,3451
10.69978,2560
10.70667,3093
10.71357,2999
10.72047,2518
10.72737,2849
10.73425,2411
10.74115,3075
10.74805,2528
10.75493,2688
10.76183,3004
10.76873,2983
10.77563,3066
10.78252,3267
10.78942,2691
10.79632,2515
10.80322,3012
10.81010,2930
10.81700,3101
10.82390,2537
10.83078,2913
10.83768,2729
10.84458,3354
10.85148,2907
10.85837,2115
10.86527,3219
10.87217,3817
10.87907,2854
10.88595,3182
10.89285,2632
10.89975,2664
10.90663,3024
10.91353,2562
10.92043,2571
10.92733,2839
10.93422,3281
10.94112,3362
10.94802,2367
10.95490,2452
10.96180,2955
10.96870,3187
10.97560,2572
10.98248,3186
10.98938,2259
10.99628,3147
11.00318,2424
11.01007,2284
11.01697,3094
11.02387,2850
11.03075,2782
11.03765,2648
11.04455,3636
11.05145,2717
11.05833,2968
11.06523,2622
11.07213,3204
11.07902,2969
11.08592,3067
11.09282,3563
11.09972,3585
11.10660,3550
11.11350,2861
11.12040,2867
11.12730,2714
11.13418,2958
11.14108,3034
11.14798,3253
11.15487,3124
11.16177,3462
11.16867,3156
11.17557,3241
11.18245,2855
11.18935,2673
11.19625,1662
11.20315,2217
11.21003,2682
11.21693,2942
11.22383,2206
11.23072,2721
11.23762,2458
11.24452,3076
11.25142,2632
11.25830,2640
11.26520,2370
11.27210,1873
11.27898,2381
11.28588,3013
11.29278,2286
11.29968,2921
11.30657,2437
11.31347,2738
11.32037,2919
11.32727,2839
11.33415,2166
11.34105,2435
11.34795,3233
11.35483,2575
11.36173,3049
11.36863,2063
11.37553,2340
11.38242,2970
11.38932,3138
11.39622,3544
11.40312,2726
11.41000,2340
11.41690,3058
11.42380,2704
11.43068,3113
11.43758,3436
11.44448,2639
11.45138,3514
11.45827,3444
11.46517,3161
11.47207,2835
11.47895,2240
11.48585,2969
11.49275,2465
11.49965,3428
11.50653,2514
11.51343,2523
11.52033,2242
11.52723,2199
11.53412,3207
11.54102,3194
11.54792,2847
11.55480,2637
11.56170,2040
11.56860,3496
11.57550,2476
11.58238,2535
11.58928,2357
11.59618,2700
11.60308,2675
11.60997,3268
11.61687,3054
11.62377,3204
11.63065,5264
11.63755,6929
11.64445,6615
11.65135,6622
11.65823,6954
11.66513,5838
11.67203,6110
11.67892,6344
11.68582,6433
11.69272,5420
11.69962,4495
11.70650,4598
11.71340,4896
11.72030,4391
11.72720,4808
11.73408,4439
11.74098,4845
11.74788,6007
11.75477,3987
11.76167,4467
11.76857,4023
11.77547,3998
11.78235,4108
11.78925,4102
11.79615,3705
11.80303,5260
11.80993,4234
11.81683,4193
11.82373,4640
11.83062,4821
11.83752,3523
11.84442,3643
11.85132,3474
11.85820,3215
11.86510,2695
11.87200,3216
11.87888,2620
11.88578,4449
11.89268,3636
11.89958,2641
11.90647,3181
11.91337,2595
11.92027,3308
11.92717,2737
11.93405,3269
11.94095,2896
11.94785,3540
11.95473,3201
11.96163,3957
11.96853,2676
11.97543,2522
11.98232,3113
11.98922,2497
11.99612,2600
12.00300,3100
12.00990,3471
12.01680,3068
12.02370,2362
12.03058,3551
12.03748,3189
12.04438,2650
12.05128,3200
12.05817,3068
12.06507,4270
12.07197,3078
12.07885,3558
12.08575,2616
12.09265,2836
12.09955,2612
12.10643,3538
12.11333,2362
12.12023,3426
12.12713,2808
12.13402,3122
12.14092,2857
12.14782,3383
12.15470,3399
12.16160,3416
12.16850,3666
12.17540,3001
12.18228,3261
12.18918,2172
12.19608,3129
12.20297,3396
12.20987,2758
12.21677,3670
12.22367,3111
12.23055,2729
12.23745,2485
12.24435,2543
12.25125,2784
12.25813,3449
12.26503,2477
12.27193,3076
12.27882,2041
12.28572,3086
12.29262,2613
12.29952,3064
12.30640,3282
12.31330,3347
12.32020,3154
12.32710,3477
12.33398,3661
12.34088,3529
12.34778,3036
12.35467,3035
12.36157,2846
12.36847,2649
12.37537,2778
12.38225,3013
12.38915,2598
12.39605,2268
12.40293,2714
12.40983,2692
12.41673,2513
12.42363,3060
12.43052,2868
12.43742,2257
12.44432,2788
12.45122,2712
12.45810,2786
12.46500,2538
12.47190,3067
12.47878,2678
12.48568,2600
12.49258,3388
12.49948,2028
12.50637,3111
12.51327,2626
12.52017,1968
12.52705,3481
12.53395,3074
12.54085,2690
12.54775,3325
12.55463,2009
12.56153,3085
12.56843,3535
12.57533,2424
12.58222,3000
12.58912,2944
12.59602,3135
12.60290,3284
12.60980,3115
12.61670,2531
12.62360,2552
12.63048,3236
12.63738,3151
12.64428,2267
12.65118,2540
12.65807,3425
12.66497,3374
12.67187,3241
12.67875,2130
12.68565,2458
12.69255,2540
12.69945,2502
12.70633,2661
12.71323,2501
12.72013,2949
12.72702,2703
12.73392,2823
12.74082,3258
12.74772,2774
12.75460,2697
12.76150,2723
12.76840,3069
12.77530,1639
12.78218,2987
12.78908,2253
12.79598,2758
12.80287,2742
12.80977,2903
12.81667,2697
12.82357,3166
12.83045,2870
12.83735,2754
12.84425,2748
12.85115,2156
12.85803,3044
12.86493,2498
12.87183,3060
12.87872,3298
12.88562,2928
12.89252,2740
12.89942,1952
12.90630,3156
12.91320,3083
12.92010,3462
12.92698,2720
12.93388,1946
12.94078,2371
12.94768,2865
12.95457,2542
12.96147,3052
12.96837,3416
12.97527,4690
12.98215,4587
12.98905,5279
12.99595,6357
13.00283,5391
13.00973,4887
13.01663,4210
13.02353,3740
13.03042,2866
13.03732,3776
13.04422,3021
13.05112,3103
13.05800,2570
13.06490,3160
13.07180,3485
13.07868,3214
13.08558,3407
13.09248,2821
13.09938,3278
13.10627,2953
13.11317,2769
13.12007,2770
13.12695,3074
13.13385,4286
13.14075,5809
13.14765,8249
13.15453,8731
13.16143,9719
13.16833,9732
13.17523,8806
13.18212,7787
13.18902,5993
13.19592,4541
13.20280,3702
13.20970,4104
13.21660,4230
13.22350,4661
13.23038,4911
13.23728,4399
13.24418,4352
13.25108,3706
13.25797,3189
13.26487,3637
13.27177,2886
13.27865,3910
13.28555,3589
13.29245,2571
13.29935,2298
13.30623,3237
13.31313,3368
13.32003,3277
13.32692,2603
13.33382,2956
13.34072,3983
13.34762,2924
13.35450,3170
13.36140,2528
13.36830,3257
13.37520,2952
13.38208,3396
13.38898,3086
13.39588,3675
13.40277,4099
13.40967,4563
13.41657,3921
13.42347,4280
13.43035,4133
13.43725,3489
13.44415,3133
13.45105,3162
13.45793,3324
13.46483,3194
13.47173,3859
13.47862,3284
13.48552,3424
13.49242,3593
13.49932,2859
13.50620,2451
13.51310,3253
13.52000,2463
13.52688,2592
13.53378,2536
13.54068,2912
13.54758,2012
13.55447,2476
13.56137,2032
13.56827,2413
13.57517,2279
13.58205,3527
13.58895,2235
13.59585,2716
13.60273,2356
13.60963,2404
13.61653,3223
13.62343,2880
13.63032,2607
13.63722,2957
13.64412,1927
13.65100,3448
13.65790,3374
13.66480,2902
13.67170,4254
13.67858,3567
13.68548,3964
13.69238,3523
13.69928,3964
13.70617,2689
13.71307,2532
13.71997,2727
13.72685,2787
13.73375,2538
13.74065,1995
13.74755,2806
13.75443,2715
13.76133,2312
13.76823,2701
13.77513,2373
13.78202,2682
13.78892,2583
13.79582,3281
13.80270,2495
13.80960,3346
13.81650,3115
13.82340,2994
13.83028,2858
13.83718,3025
13.84408,3231
13.85097,3437
13.85787,2149
13.86477,2586
13.87167,2688
13.87855,2870
13.88545,2161
13.89235,2514
13.89925,2393
13.90613,2441
13.91303,2446
13.91993,3353
13.92682,3305
13.93372,2369
13.94062,2936
13.94752,2731
13.95440,2911
13.96130,2587
13.96820,2265
13.97510,2143
13.98198,3609
13.98888,2812
13.99578,2459
14.00267,3555
14.00957,2911
14.01647,2246
14.02337,2993
14.03025,3799
14.03715,2374
14.04405,2572
14.05093,3013
14.05783,2745
14.06473,2941
14.07163,2731
14.07852,3043
14.08542,3094
14.09232,3158
14.09922,2842
14.10610,2968
14.11300,2711
14.11990,3738
14.12678,4074
14.13368,4446
14.14058,3666
14.14748,3818
14.15437,3929
14.16127,3321
14.16817,3685
14.17507,3134
14.18195,3495
14.18885,2392
14.19575,3276
14.20263,3752
14.20953,2823
14.21643,2682
14.22333,4134
14.23022,2082
14.23712,2926
14.24402,2908
14.25090,3655
14.25780,3323
14.26470,3638
14.27160,2846
14.27848,3195
14.28538,3387
14.29228,3590
14.29918,2424
14.30607,3444
14.31297,2184
14.31987,2706
14.32675,3045
14.33365,2902
14.34055,2930
14.34745,2389
14.35433,2927
14.36123,3019
14.36813,3195
14.37503,2822
14.38192,3450
14.38882,2890
14.39572,2693
14.40260,2605
14.40950,2509
14.41640,2240
14.42330,2416
14.43018,2361
14.43708,2788
14.44398,2692
14.45087,2553
14.45777,2866
14.46467,2535
14.47157,2554
14.47845,2459
14.48535,2388
14.49225,2361
14.49915,3129
14.50603,2678
14.51293,2057
14.51983,2530
14.52672,3501
14.53362,1921
14.54052,2915
14.54742,2488
14.55430,2135
14.56120,3022
14.56810,2463
14.57498,1978
14.58188,2380
14.58878,3137
14.59568,2849
14.60257,2812
14.60947,2905
14.61637,3273
14.62327,4613
14.63015,5114
14.63705,6254
14.64395,5711
14.65083,6211
14.65773,6061
14.66463,5367
14.67153,4189
14.67842,3511
14.68532,3659
14.69222,2662
14.69912,2647
14.70600,3195
14.71290,3054
14.71980,2446
14.72668,2420
14.73358,2819
14.74048,2326
14.74738,3054
14.75427,2393
14.76117,3341
14.76807,2119
14.77495,2987
14.78185,2575
14.78875,3002
14.79565,4106
14.80253,5723
14.80943,11481
14.81633,16984
14.82323,28365
14.83012,35537
14.83702,42647
14.84392,41077
14.85080,34663
14.85770,26942
14.86460,18335
14.87150,10466
14.87838,6402
14.88528,4576
14.89218,3288
14.89908,3317
14.90597,2862
14.91287,2229
14.91977,2508
14.92665,2508
14.93355,2887
14.94045,3203
14.94735,2415
14.95423,2402
14.96113,2493
14.96803,2910
14.97492,2182
14.98182,3177
14.98872,2425
14.99562,2586
15.00250,2413
15.00940,2414
15.01630,2627
15.02320,3286
15.03008,2475
15.03698,3064
15.04388,2469
15.05077,2282
15.05767,2212
15.06457,3714
15.07147,2620
15.07835,3221
15.08525,4411
15.09215,3751
15.09905,3586
15.10593,4946
15.11283,3947
15.11973,3910
15.12662,4481
15.13352,5150
15.14042,5286
15.14732,4363
15.15420,4752
15.16110,4823
15.16800,3671
15.17488,4026
15.18178,2435
15.18868,3058
15.19558,2267
15.20247,3131
15.20937,2134
15.21627,2596
15.22317,2575
15.23005,2308
15.23695,2991
15.24385,2600
15.25073,3113
15.25763,3019
15.26453,2882
15.27143,1892
15.27832,3718
15.28522,2709
15.29212,2560
15.29900,2173
15.30590,2978
15.31280,3217
15.31970,2451
15.32658,2534
15.33348,2555
15.34038,2753
15.34728,2662
15.35417,2730
15.36107,2958
15.36797,3236
15.37485,3519
15.38175,3023
15.38865,3056
15.39555,3383
15.40243,2516
15.40933,3355
15.41623,2426
15.42313,2738
15.43002,2633
15.43692,2618
15.44382,2178
15.45070,2708
15.45760,2511
15.46450,2531
15.47140,1620
15.47828,2172
15.48518,1971
15.49208,2439
15.49897,2184
15.50587,2251
15.51277,2083
15.51967,2790
15.52655,2748
15.53345,2167
15.54035,1983
15.54725,2019
15.55413,2237
15.56103,2261
15.56793,2165
15.57482,1889
15.58172,3058
15.58862,2379
15.59552,2851
15.60240,1489
15.60930,2580
15.61620,2106
15.62310,2530
15.62998,2747
15.63688,1959
15.64378,2598
15.65067,1304
15.65757,2962
15.66447,2770
15.67137,2690
15.67825,2868
15.68515,2534
15.69205,2509
15.69893,2552
15.70583,2513
15.71273,2874
15.71963,2606
15.72652,3112
15.73342,2519
15.74032,2180
15.74722,2882
15.75410,2830
15.76100,3111
15.76790,2291
15.77478,2681
15.78168,2606
15.78858,1934
15.79548,2593
15.80237,2952
15.80927,2788
15.81617,2727
15.82307,2692
15.82995,2354
15.83685,2647
15.84375,2404
15.85063,2243
15.85753,1725
15.86443,2726
15.87133,1853
15.87822,2181
15.88512,2276
15.89202,2192
15.89890,1990
15.90580,2043
15.91270,2421
15.91960,2432
15.92648,2155
15.93338,2174
15.94028,2522
15.94718,2776
15.95407,2957
15.96097,1860
15.96787,2654
15.97475,2156
15.98165,2336
15.98855,1903
15.99545,2517
16.00233,2746
16.00923,2084
16.01613,2771
16.02303,2269
16.02992,2121
16.03682,1696
16.04372,2636
16.05060,1910
16.05750,2131
16.06440,2317
16.07130,2816
16.07818,3292
16.08508,3072
16.09198,3301
16.09887,2892
16.10577,1860
16.11267,2804
16.11957,2230
16.12645,2431
16.13335,3372
16.14025,2986
16.14715,3121
16.15403,3432
16.16093,3029
16.16783,3159
16.17472,3150
16.18162,3621
16.18852,3515
16.19542,3606
16.20230,2694
16.20920,2989
16.21610,2667
16.22300,2411
16.22988,2624
16.23678,2632
16.24368,2559
16.25057,3106
16.25747,2418
16.26437,2301
16.27127,2434
16.27815,1988
16.28505,2922
16.29195,2673
16.29883,2238
16.30573,2712
16.31263,2657
16.31953,2780
16.32642,2427
16.33332,2942
16.34022,3929
16.34712,2869
16.35400,2681
16.36090,2547
16.36780,2644
16.37468,2135
16.38158,2833
16.38848,3449
16.39538,3226
16.40227,2847
16.40917,2807
16.41607,3141
16.42295,3260
16.42985,2232
16.43675,3221
16.44365,2896
16.45053,4142
16.45743,5365
16.46433,6135
16.47123,6925
16.47812,5701
16.48502,5125
16.49192,3961
16.49880,3577
16.50570,4154
16.51260,3121
16.51950,3096
16.52638,3427
16.53328,2634
16.54018,2519
16.54708,2300
16.55397,2480
16.56087,2320
16.56777,2851
16.57465,1860
16.58155,2478
16.58845,2312
16.59535,2808
16.60223,2472
16.60913,1962
16.61603,3320
16.62292,2552
16.62982,2618
16.63672,2445
16.64362,2493
16.65050,2474
16.65740,2779
16.66430,2462
16.67120,2774
16.67808,3006
16.68498,2289
16.69188,2489
16.69877,2312
16.70567,2735
16.71257,2616
16.71947,2751
16.72635,3444
16.73325,2887
16.74015,3110
16.74705,2982
16.75393,2501
16.76083,3489
16.76773,3320
16.77462,3524
16.78152,3512
16.78842,2142
16.79532,3417
16.80220,2879
16.80910,2803
16.81600,2931
16.82288,3372
16.82978,2570
16.83668,2851
16.84358,2925
16.85047,3240
16.85737,2738
16.86427,2507
16.87117,2394
16.87805,2624
16.88495,1991
16.89185,2772
16.89873,2112
16.90563,2350
16.91253,2556
16.91943,2525
16.92632,2340
16.93322,2511
16.94012,2830
16.94702,3034
16.95390,3473
16.96080,2277
16.96770,2493
16.97458,2562
16.98148,2994
16.98838,2438
16.99528,2711
17.00217,3949
17.00907,3708
17.01597,3893
17.02285,4857
17.02975,5538
17.03665,5083
17.04355,4764
17.05043,4526
17.05733,3377
17.06423,3160
17.07113,2971
17.07802,3054
17.08492,3547
17.09182,3672
17.09870,2770
17.10560,3878
17.11250,5106
17.11940,7623
17.12628,12100
17.13318,16981
17.14008,25863
17.14698,33305
17.15387,37192
17.16077,35846
17.16767,29683
17.17455,22940
17.18145,14779
17.18835,9659
17.19525,6426
17.20213,4358
17.20903,3194
17.21593,3598
17.22282,3884
17.22972,3916
17.23662,4905
17.24352,4420
17.25040,4690
17.25730,5393
17.26420,4911
17.27110,4689
17.27798,3130
17.28488,3410
17.29178,2714
17.29867,2529
17.30557,2038
17.31247,2569
17.31937,1989
17.32625,2752
17.33315,3437
17.34005,4801
17.34693,5541
17.35383,8227
17.36073,13118
17.36763,16021
17.37452,21995
17.38142,24009
17.38832,21848
17.39522,17791
17.40210,13214
17.40900,8371
17.41590,5758
17.42278,4202
17.42968,2305
17.43658,3239
17.44348,3356
17.45037,2470
17.45727,2105
17.46417,2246
17.47107,3252
17.47795,3791
17.48485,4012
17.49175,5542
17.49863,5422
17.50553,6738
17.51243,7319
17.51933,7679
17.52622,5952
17.53312,6055
17.54002,5230
17.54690,5338
17.55380,4630
17.56070,4826
17.56760,4337
17.57448,4840
17.58138,4124
17.58828,4108
17.59518,3544
17.60207,4767
17.60897,8289
17.61587,12637
17.62275,20871
17.62965,28314
17.63655,34811
17.64345,36025
17.65033,33619
17.65723,27110
17.66413,19953
17.67103,14210
17.67792,8299
17.68482,7775
17.69172,6528
17.69860,5443
17.70550,3820
17.71240,3694
17.71930,4035
17.72618,2592
17.73308,2756
17.73998,3378
17.74687,2528
17.75377,2446
17.76067,2753
17.76757,2973
17.77445,4087
17.78135,5102
17.78825,7173
17.79515,9650
17.80203,10690
17.80893,12185
17.81583,11299
17.82272,9868
17.82962,8357
17.83652,6965
17.84342,4963
17.85030,4085
17.85720,3526
17.86410,2313
17.87100,2736
17.87788,2429
17.88478,2961
17.89168,3071
17.89857,3729
17.90547,3767
17.91237,3354
17.91927,3509
17.92615,3734
17.93305,4246
17.93995,5590
17.94683,7182
17.95373,6990
17.96063,7711
17.96753,7705
17.97442,6022
17.98132,5062
17.98822,4720
17.99512,3352
18.00200,2919
18.00890,3555
18.01580,3923
18.02268,4485
18.02958,4851
18.03648,4658
18.04338,4848
18.05027,4272
18.05717,4773
18.06407,4227
18.07095,5559
18.07785,7401
18.08475,10506
18.09165,10911
18.09853,12120
18.10543,11367
18.11233,9766
18.11923,8113
18.12612,6659
18.13302,4194
18.13992,3664
18.14680,3377
18.15370,4914
18.16060,7868
18.16750,10643
18.17438,14752
18.18128,23745
18.18818,34189
18.19508,50892
18.20197,61764
18.20887,69415
18.21577,69227
18.22265,62092
18.22955,49210
18.23645,36735
18.24335,25994
18.25023,20428
18.25713,14251
18.26403,10511
18.27092,7972
18.27782,6314
18.28472,4592
18.29162,3773
18.29850,3913
18.30540,3370
18.31230,3964
18.31920,3849
18.32608,4252
18.33298,4358
18.33988,4508
18.34677,5086
18.35367,4334
18.36057,4803
18.36747,4219
18.37435,4601
18.38125,3050
18.38815,3910
18.39505,4165
18.40193,5770
18.40883,7718
18.41573,11009
18.42262,16349
18.42952,20661
18.43642,25443
18.44332,27692
18.45020,24734
18.45710,23263
18.46400,19717
18.47088,18050
18.47778,15528
18.48468,14635
18.49158,13967
18.49847,12067
18.50537,11033
18.51227,9997
18.51917,9281
18.52605,7263
18.53295,4834
18.53985,4157
18.54673,4131
18.55363,4313
18.56053,2996
18.56743,3180
18.57432,3514
18.58122,3211
18.58812,3489
18.59502,3483
18.60190,4083
18.60880,5634
18.61570,8949
18.62258,12694
18.62948,21792
18.63638,25263
18.64328,30671
18.65017,33344
18.65707,31727
18.66397,28470
18.67085,22056
18.67775,16603
18.68465,13009
18.69155,11580
18.69843,11311
18.70533,11458
18.71223,10237
18.71913,10219
18.72602,9477
18.73292,8548
18.73982,9220
18.74670,7398
18.75360,7762
18.76050,7537
18.76740,7497
18.77428,5887
18.78118,6422
18.78808,4435
18.79498,3548
18.80187,2693
18.80877,2680
18.81567,2493
18.82255,2964
18.82945,2724
18.83635,3454
18.84325,3408
18.85013,4214
18.85703,6455
18.86393,9232
18.87082,15140
18.87772,21151
18.88462,26240
18.89152,28217
18.89840,24716
18.90530,20963
18.91220,17110
18.91910,12914
18.92598,9919
18.93288,9265
18.93978,10021
18.94667,11573
18.95357,13207
18.96047,14105
18.96737,12740
18.97425,10661
18.98115,7076
18.98805,6689
18.99493,4790
19.00183,5342
19.00873,5947
19.01563,7244
19.02252,6787
19.02942,8695
19.03632,8579
19.04322,10011
19.05010,9563
19.05700,9963
19.06390,8219
19.07078,7709
19.07768,7821
19.08458,4863
19.09148,4364
19.09837,4307
19.10527,3716
19.11217,4298
19.11907,4048
19.12595,3528
19.13285,4468
19.13975,5784
19.14663,5333
19.15353,7355
19.16043,9165
19.16733,12452
19.17422,13222
19.18112,13240
19.18802,13660
19.19490,12508
19.20180,9140
19.20870,7142
19.21560,4970
19.22248,3529
19.22938,3640
19.23628,3491
19.24318,4547
19.25007,2773
19.25697,3528
19.26387,3372
19.27075,3532
19.27765,3071
19.28455,4835
19.29145,5104
19.29833,7593
19.30523,9820
19.31213,9759
19.31903,9613
19.32592,9272
19.33282,6301
19.33972,5686
19.34660,5759
19.35350,5669
19.36040,6623
19.36730,10274
19.37418,13748
19.38108,19478
19.38798,22353
19.39487,24058
19.40177,20318
19.40867,16769
19.41557,13170
19.42245,8834
19.42935,5672
19.43625,4720
19.44315,5120
19.45003,3974
19.45693,4337
19.46383,3939
19.47072,3841
19.47762,3063
19.48452,3821
19.49142,3432
19.49830,4572
19.50520,6673
19.51210,16415
19.51900,34914
19.52588,79622
19.53278,150809
19.53968,255476
19.54657,369128
19.55347,458655
19.56037,480784
19.56727,445724
19.57415,342923
19.58105,225331
19.58795,134884
19.59483,67740
19.60173,30532
19.60863,15040
19.61553,7488
19.62242,6087
19.62932,4682
19.63622,4774
19.64312,4752
19.65000,4500
19.65690,3999
19.66380,4064
19.67068,3579
19.67758,3832
19.68448,4223
19.69138,2722
19.69827,4089
19.70517,3290
19.71207,3370
19.71897,4004
19.72585,3680
19.73275,3610
19.73965,3962
19.74653,3409
19.75343,3817
19.76033,3103
19.76723,3711
19.77412,2336
19.78102,2666
19.78792,2212
19.79480,1695
19.80170,3216
19.80860,2201
19.81550,2182
19.82238,3043
19.82928,3932
19.83618,4175
19.84308,4836
19.84997,4959
19.85687,5421
19.86377,5676
19.87065,5166
19.87755,4932
19.88445,3588
19.89135,2970
19.89823,3379
19.90513,3032
19.91203,3545
19.91893,3084
19.92582,3035
19.93272,2753
19.93962,2802
19.94650,3391
19.95340,2944
19.96030,2319
19.96720,1323
19.97408,2046
19.98098,2388
19.98788,1783
19.99477,2034
20.00167,1666
20.00857,1991
20.01547,2462
20.02235,2305
20.02925,2063
20.03615,2257
20.04305,2049
20.04993,2484
20.05683,2842
20.06373,2857
20.07062,1573
20.07752,1213
20.08442,1972
20.09132,2812
20.09820,1764
20.10510,1836
20.11200,2425
20.11888,2229
20.12578,1636
20.13268,2483
20.13958,2521
20.14647,1942
20.15337,2055
20.16027,2245
20.16717,2248
20.17405,2188
20.18095,2107
20.18785,2562
20.19473,2306
20.20163,1408
20.20853,2373
20.21543,2276
20.22232,2678
20.22922,2314
20.23612,2248
20.24302,2236
20.24990,1805
20.25680,1878
20.26370,2457
20.27058,1889
20.27748,1804
20.28438,2893
20.29128,3090
20.29817,3197
20.30507,4366
20.31197,4481
20.31885,3723
20.32575,3156
20.33265,3374
20.33955,2095
20.34643,2298
20.35333,2610
20.36023,2442
20.36713,2528
20.37402,3233
20.38092,4143
20.38782,4172
20.39470,3950
20.40160,3443
20.40850,3296
20.41540,2804
20.42228,2497
20.42918,2328
20.43608,1999
20.44298,1584
20.44987,1297
20.45677,2059
20.46367,2063
20.47055,1997
20.47745,2342
20.48435,1985
20.49125,1947
20.49813,1803
20.50503,1974
20.51193,1700
20.51882,1206
20.52572,1827
20.53262,1857
20.53952,1920
20.54640,1889
20.55330,2167
20.56020,1412
20.56710,2003
20.57398,2569
20.58088,2049
20.58778,2334
20.59467,2770
20.60157,2749
20.60847,2199
20.61537,1909
20.62225,2059
20.62915,2888
20.63605,2803
20.64295,2499
20.64983,2049
20.65673,1395
20.66363,2479
20.67052,1797
20.67742,2301
20.68432,1776
20.69122,2179
20.69810,2872
20.70500,2530
20.71190,2554
20.71878,2442
20.72568,2912
20.73258,2926
20.73948,2629
20.74637,2432
20.75327,2492
20.76017,2547
20.76707,3241
20.77395,2338
20.78085,2444
20.78775,2021
20.79463,1796
20.80153,1321
20.80843,2337
20.81533,1781
20.82222,2478
20.82912,2573
20.83602,2027
20.84290,3014
20.84980,2587
20.85670,2516
20.86360,1991
20.87048,1890
20.87738,2318
20.88428,1869
20.89118,1623
20.89807,1625
20.90497,1516
20.91187,2560
20.91875,2937
20.92565,2176
20.93255,1862
20.93945,2704
20.94633,2430
20.95323,2347
20.96013,2252
20.96703,1983
20.97392,2879
20.98082,2694
20.98772,2453
20.99460,3102
21.00150,4345
21.00840,2938
21.01530,2614
21.02218,2773
21.02908,2402
21.03598,2344
21.04287,2535
21.04977,2049
21.05667,3004
21.06357,2608
21.07045,2307
21.07735,2384
21.08425,2514
21.09115,2966
21.09803,3235
21.10493,3472
21.11183,4837
21.11872,3927
21.12562,4766
21.13252,4910
21.13942,4173
21.14630,3814
21.15320,2889
21.16010,3048
21.16700,2431
21.17388,2367
21.18078,3569
21.18768,2953
21.19457,4128
21.20147,5658
21.20837,7190
21.21527,8631
21.22215,9276
21.22905,11234
21.23595,14115
21.24283,16740
21.24973,18447
21.25663,19926
21.26353,19303
21.27042,17636
21.27732,14871
21.28422,10038
21.29112,7503
21.29800,6334
21.30490,3945
21.31180,2118
21.31868,3292
21.32558,3164
21.33248,3131
21.33938,3003
21.34627,4348
21.35317,3769
21.36007,3923
21.36697,4316
21.37385,3658
21.38075,3928
21.38765,2751
21.39453,3141
21.40143,2020
21.40833,2602
21.41523,2345
21.42212,2754
21.42902,2662
21.43592,2261
21.44280,2634
21.44970,2035
21.45660,2739
21.46350,2265
21.47038,2986
21.47728,2595
21.48418,2984
21.49108,3453
21.49797,3562
21.50487,3109
21.51177,2604
21.51865,2672
21.52555,2558
21.53245,2730
21.53935,2481
21.54623,3419
21.55313,2435
21.56003,2731
21.56693,2658
21.57382,2836
21.58072,3212
21.58762,3244
21.59450,3143
21.60140,2780
21.60830,3803
21.61520,3480
21.62208,3534
21.62898,2660
21.63588,2835
21.64277,2462
21.64967,2921
21.65657,3740
21.66347,3658
21.67035,4872
21.67725,3974
21.68415,3984
21.69105,2802
21.69793,2764
21.70483,2682
21.71173,3221
21.71862,3333
21.72552,5415
21.73242,7902
21.73932,10542
21.74620,13003
21.75310,14773
21.76000,14413
21.76690,11879
21.77378,9941
21.78068,8415
21.78758,5079
21.79447,3706
21.80137,3570
21.80827,3001
21.81517,3164
21.82205,3338
21.82895,2434
21.83585,3107
21.84273,2563
21.84963,2028
21.85653,3454
21.86343,4345
21.87032,5201
21.87722,6917
21.88412,8331
21.89102,8595
21.89790,8470
21.90480,8748
21.91170,7934
21.91858,8173
21.92548,8874
21.93238,13812
21.93928,20133
21.94617,32844
21.95307,47383
21.95997,61314
21.96685,67525
21.97375,66175
21.98065,58951
21.98755,43425
21.99443,32138
22.00133,21546
22.00823,13780
22.01513,9609
22.02202,7571
22.02892,5412
22.03582,3345
22.04270,3808
22.04960,2984
22.05650,3191
22.06340,3739
22.07028,3709
22.07718,3860
22.08408,4451
22.09098,3731
22.09787,3623
22.10477,4105
22.11167,4485
22.11855,6031
22.12545,8763
22.13235,12630
22.13925,16374
22.14613,20321
22.15303,22767
22.15993,21027
22.16682,17840
22.17372,13609
22.18062,10111
22.18752,7544
22.19440,6158
22.20130,4527
22.20820,4776
22.21510,5073
22.22198,6042
22.22888,5077
22.23578,6773
22.24267,7656
22.24957,9235
22.25647,10043
22.26337,10298
22.27025,9915
22.27715,9861
22.28405,8649
22.29095,9180
22.29783,9346
22.30473,10260
22.31163,9257
22.31852,8096
22.32542,7259
22.33232,5803
22.33922,4762
22.34610,3612
22.35300,3448
22.35990,4299
22.36678,4004
22.37368,3612
22.38058,3050
22.38748,4543
22.39437,3548
22.40127,3600
22.40817,4309
22.41507,3922
22.42195,5586
22.42885,5134
22.43575,5788
22.44263,6601
22.44953,5240
22.45643,5550
22.46333,4368
22.47022,4426
22.47712,4263
22.48402,4996
22.49092,4706
22.49780,4534
22.50470,5550
22.51160,5850
22.51848,5211
22.52538,4309
22.53228,5941
22.53918,6914
22.54607,8991
22.55297,9286
22.55987,10165
22.56675,11299
22.57365,12213
22.58055,11894
22.58745,12319
22.59433,11276
22.60123,10974
22.60813,8259
22.61503,6777
22.62192,5659
22.62882,4818
22.63572,5155
22.64260,4499
22.64950,4986
22.65640,6788
22.66330,7823
22.67018,8718
22.67708,10634
22.68398,10712
22.69088,10772
22.69777,10955
22.70467,9639
22.71157,8964
22.71845,7955
22.72535,6521
22.73225,6583
22.73915,7286
22.74603,7099
22.75293,9479
22.75983,9415
22.76672,9729
22.77362,10211
22.78052,10334
22.78742,10830
22.79430,10877
22.80120,14780
22.80810,19176
22.81500,22866
22.82188,28075
22.82878,28663
22.83568,29958
22.84257,31684
22.84947,34175
22.85637,43431
22.86327,58561
22.87015,80065
22.87705,102178
22.88395,110514
22.89083,115863
22.89773,100936
22.90463,77510
22.91153,59317
22.91842,41535
22.92532,29368
22.93222,22344
22.93912,18551
22.94600,14857
22.95290,13906
22.95980,9965
22.96668,6925
22.97358,7353
22.98048,6693
22.98738,6390
22.99427,6139
23.00117,7432
23.00807,7297
23.01497,7636
23.02185,5990
23.02875,6180
23.03565,6573
23.04253,9828
23.04943,13960
23.05633,20579
23.06323,28539
23.07012,32678
23.07702,34747
23.08392,35068
23.09080,29019
23.09770,22840
23.10460,18119
23.11150,14935
23.11838,14478
23.12528,13570
23.13218,14251
23.13908,14386
23.14597,14564
23.15287,14437
23.15977,14598
23.16665,13257
23.17355,14135
23.18045,13527
23.18735,12917
23.19423,11908
23.20113,11301
23.20803,11656
23.21493,10565
23.22182,12685
23.22872,17108
23.23562,23756
23.24250,34264
23.24940,41653
23.25630,48567
23.26320,50379
23.27008,45657
23.27698,38120
23.28388,28352
23.29077,21068
23.29767,16609
23.30457,13900
23.31147,12726
23.31835,14525
23.32525,13162
23.33215,13068
23.33905,13339
23.34593,13694
23.35283,13669
23.35973,14061
23.36662,15583
23.37352,16847
23.38042,15355
23.38732,16864
23.39420,15156
23.40110,15321
23.40800,12701
23.41490,12727
23.42178,13196
23.42868,14503
23.43558,14916
23.44247,16422
23.44937,18576
23.45627,21064
23.46317,21460
23.47005,22574
23.47695,21697
23.48385,20217
23.49073,17665
23.49763,13750
23.50453,12581
23.51143,9685
23.51832,7529
23.52522,6439
23.53212,6089
23.53902,7139
23.54590,6961
23.55280,8380
23.55970,9727
23.56658,11534
23.57348,13523
23.58038,14319
23.58728,14221
23.59417,11768
23.60107,9921
23.60797,7884
23.61485,7178
23.62175,8594
23.62865,9202
23.63555,10064
23.64243,10687
23.64933,9976
23.65623,10455
23.66313,10967
23.67002,10408
23.67692,12585
23.68382,16783
23.69070,19943
23.69760,23954
23.70450,27183
23.71140,29752
23.71828,32600
23.72518,30359
23.73208,29091
23.73898,26358
23.74587,24513
23.75277,20039
23.75967,15914
23.76655,11108
23.77345,9170
23.78035,8800
23.78725,9694
23.79413,12560
23.80103,28939
23.80793,61404
23.81482,119286
23.82172,232941
23.82862,378392
23.83552,551886
23.84240,702570
23.84930,773404
23.85620,727317
23.86310,600613
23.86998,418184
23.87688,249050
23.88378,131068
23.89067,69457
23.89757,34051
23.90447,18255
23.91137,12681
23.91825,10129
23.92515,9066
23.93205,9569
23.93895,9635
23.94583,10891
23.95273,13255
23.95963,14766
23.96652,16596
23.97342,15734
23.98032,15765
23.98722,13508
23.99410,10603
24.00100,8430
24.00790,7218
24.01478,6989
24.02168,5760
24.02858,8439
24.03548,9057
24.04237,10997
24.04927,11583
24.05617,10500
24.06307,8814
24.06995,8582
24.07685,7903
24.08375,5941
24.09063,4871
24.09753,3486
24.10443,4126
24.11133,4047
24.11822,4123
24.12512,5021
24.13202,7464
24.13892,8832
24.14580,9281
24.15270,12762
24.15960,12940
24.16648,12271
24.17338,11244
24.18028,12994
24.18718,11558
24.19407,11685
24.20097,11176
24.20787,10210
24.21475,9834
24.22165,7734
24.22855,7460
24.23545,7490
24.24233,8248
24.24923,9248
24.25613,11757
24.26303,13244
24.26992,15793
24.27682,14402
24.28372,13219
24.29060,11224
24.29750,8166
24.30440,6329
24.31130,5017
24.31818,3978
24.32508,4118
24.33198,5232
24.33888,4860
24.34577,5350
24.35267,7594
24.35957,7826
24.36645,7889
24.37335,9332
24.38025,9864
24.38715,8042
24.39403,7481
24.40093,6469
24.40783,5616
24.41472,5158
24.42162,5632
24.42852,5178
24.43542,4210
24.44230,4251
24.44920,4304
24.45610,2739
24.46300,2556
24.46988,2916
24.47678,2572
24.48368,2751
24.49057,2740
24.49747,3601
24.50437,3238
24.51127,3710
24.51815,3245
24.52505,3332
24.53195,3654
24.53883,3859
24.54573,4228
24.55263,5592
24.55953,6033
24.56642,6398
24.57332,8627
24.58022,7451
24.58712,6978
24.59400,5772
24.60090,6293
24.60780,3965
24.61468,4035
24.62158,4056
24.62848,3069
24.63538,4013
24.64227,3063
24.64917,4086
24.65607,4690
24.66297,4965
24.66985,4552
24.67675,4148
24.68365,3365
24.69053,3861
24.69743,3315
24.70433,3063
24.71123,2940
24.71812,2904
24.72502,2724
24.73192,2356
24.73880,3009
24.74570,2660
24.75260,3570
24.75950,3291
24.76638,3396
24.77328,3037
24.78018,4012
24.78708,4001
24.79397,4042
24.80087,3982
24.80777,3617
24.81465,4278
24.82155,5126
24.82845,4319
24.83535,4023
24.84223,3742
24.84913,3292
24.85603,3343
24.86293,3199
24.86982,4000
24.87672,4182
24.88362,4699
24.89050,4583
24.89740,3855
24.90430,3121
24.91120,2580
24.91808,2949
24.92498,2836
24.93188,2534
24.93877,2737
24.94567,2131
24.95257,1952
24.95947,2169
24.96635,1883
24.97325,1773
24.98015,2469
24.98705,2488
24.99393,2586
25.00083,1595
25.00773,2088
25.01462,2253
25.02152,1519
25.02842,2597
25.03532,2644
25.04220,2703
25.04910,2685
25.05600,2334
25.06290,2359
25.06978,2713
25.07668,2525
25.08358,3294
25.09047,3516
25.09737,2731
25.10427,3202
25.11117,3063
25.11805,2815
25.12495,2656
25.13185,2607
25.13873,2836
25.14563,3751
25.15253,2433
25.15943,3508
25.16632,3338
25.17322,2820
25.18012,3002
25.18702,3384
25.19390,3699
25.20080,3390
25.20770,4361
25.21458,3531
25.22148,2614
25.22838,3257
25.23528,3027
25.24217,3431
25.24907,3240
25.25597,3462
25.26287,4539
25.26975,5250
25.27665,6753
25.28355,8456
25.29043,13024
25.29733,26343
25.30423,46084
25.31113,79488
25.31802,110631
25.32492,142915
25.33182,158872
25.33870,149446
25.34560,122203
25.35250,90534
25.35940,53629
25.36628,30105
25.37318,17627
25.38008,9452
25.38698,6332
25.39387,6006
25.40077,5161
25.40767,5548
25.41455,5500
25.42145,4742
25.42835,5044
25.43525,5132
25.44213,4652
25.44903,4056
25.45593,4025
25.46283,4251
25.46972,4272
25.47662,4214
25.48352,3659
25.49040,4311
25.49730,3547
25.50420,4365
25.51110,3449
25.51798,3006
25.52488,3232
25.53178,3304
25.53867,3312
25.54557,2882
25.55247,3055
25.55937,2514
25.56625,3288
25.57315,2863
25.58005,3263
25.58695,3067
25.59383,3300
25.60073,3938
25.60763,3526
25.61452,2729
25.62142,3190
25.62832,3681
25.63522,3176
25.64210,3234
25.64900,3881
25.65590,4115
25.66278,3121
25.66968,3754
25.67658,4497
25.68348,3673
25.69037,4153
25.69727,3603
25.70417,3724
25.71107,4008
25.71795,4794
25.72485,5318
25.73175,4962
25.73863,4971
25.74553,4401
25.75243,3534
25.75933,3822
25.76622,3509
25.77312,3051
25.78002,3178
25.78692,2823
25.79380,3207
25.80070,4764
25.80760,6987
25.81448,12916
25.82138,21163
25.82828,31240
25.83518,42880
25.84207,46793
25.84897,45558
25.85587,38615
25.86275,30556
25.86965,20128
25.87655,13251
25.88345,10438
25.89033,8062
25.89723,8115
25.90413,8260
25.91103,7287
25.91792,6143
25.92482,6570
25.93172,5096
25.93860,3936
25.94550,4051
25.95240,4447
25.95930,3438
25.96618,3348
25.97308,3967
25.97998,3590
25.98688,4522
25.99377,4847
26.00067,3545
26.00757,3541
26.01445,4498
26.02135,3745
26.02825,3506
26.03515,3944
26.04203,4777
26.04893,4147
26.05583,4142
26.06272,3978
26.06962,3690
26.07652,3357
26.08342,4034
26.09030,5003
26.09720,5640
26.10410,9436
26.11100,9938
26.11788,14369
26.12478,14986
26.13168,14405
26.13857,14858
26.14547,11357
26.15237,10080
26.15927,6470
26.16615,5991
26.17305,3926
26.17995,4073
26.18685,2765
26.19373,3483
26.20063,4658
26.20753,6714
26.21442,10705
26.22132,18452
26.22822,29467
26.23512,38430
26.24200,51068
26.24890,56883
26.25580,54399
26.26268,53309
26.26958,47874
26.27648,48360
26.28338,55478
26.29027,61099
26.29717,68611
26.30407,65284
26.31097,58873
26.31785,48957
26.32475,35182
26.33165,24725
26.33853,17905
26.34543,14278
26.35233,12326
26.35923,9904
26.36612,10102
26.37302,7424
26.37992,6813
26.38680,5841
26.39370,4915
26.40060,4167
26.40750,4697
26.41438,5710
26.42128,6708
26.42818,9837
26.43508,12222
26.44197,17430
26.44887,19865
26.45577,20213
26.46265,20494
26.46955,17852
26.47645,13233
26.48335,9620
26.49023,7853
26.49713,7552
26.50403,7156
26.51093,6645
26.51782,8216
26.52472,9175
26.53162,8814
26.53850,7274
26.54540,7818
26.55230,6901
26.55920,6567
26.56608,7686
26.57298,6469
26.57988,6712
26.58677,6339
26.59367,5383
26.60057,5877
26.60747,5390
26.61435,6000
26.62125,5179
26.62815,6743
26.63505,6201
26.64193,5404
26.64883,4986
26.65573,7199
26.66262,5667
26.66952,6880
26.67642,9602
26.68332,8839
26.69020,9561
26.69710,9903
26.70400,10165
26.71090,8950
26.71778,8292
26.72468,6982
26.73158,6638
26.73847,7179
26.74537,6218
26.75227,3870
26.75917,5243
26.76605,5554
26.77295,5100
26.77985,5955
26.78673,6351
26.79363,7674
26.80053,9094
26.80743,9777
26.81432,11260
26.82122,11228
26.82812,13024
26.83502,12187
26.84190,12521
26.84880,12312
26.85570,12116
26.86258,12809
26.86948,13674
26.87638,12898
26.88328,13705
26.89017,14258
26.89707,12447
26.90397,10070
26.91087,7945
26.91775,5582
26.92465,6083
26.93155,4957
26.93843,4336
26.94533,5721
26.95223,6546
26.95913,7014
26.96602,8616
26.97292,10434
26.97982,12162
26.98670,11359
26.99360,11871
27.00050,9874
27.00740,9072
27.01428,7411
27.02118,7941
27.02808,7523
27.03498,6624
27.04187,7846
27.04877,10226
27.05567,13156
27.06255,17587
27.06945,25311
27.07635,39902
27.08325,59036
27.09013,81267
27.09703,103494
27.10393,120059
27.11083,127091
27.11772,125196
27.12462,105323
27.13152,81352
27.13840,59292
27.14530,43646
27.15220,30176
27.15910,26304
27.16598,24058
27.17288,21480
27.17978,19632
27.18667,19765
27.19357,18218
27.20047,18716
27.20737,20250
27.21425,20507
27.22115,20883
27.22805,21283
27.23495,22080
27.24183,24268
27.24873,30692
27.25563,33695
27.26252,36614
27.26942,35167
27.27632,31843
27.28322,24564
27.29010,19146
27.29700,16241
27.30390,13208
27.31080,11903
27.31768,11845
27.32458,10404
27.33148,9788
27.33837,9289
27.34527,8302
27.35217,10655
27.35907,10319
27.36595,12731
27.37285,13410
27.37975,14619
27.38663,19190
27.39353,24879
27.40043,31672
27.40733,37278
27.41422,40008
27.42112,42339
27.42802,36775
27.43492,34327
27.44180,28477
27.44870,24155
27.45560,19463
27.46248,16818
27.46938,16161
27.47628,14905
27.48318,14228
27.49007,13525
27.49697,10913
27.50387,12050
27.51075,10881
27.51765,10506
27.52455,10746
27.53145,12914
27.53833,11968
27.54523,14580
27.55213,15436
27.55903,17445
27.56592,21369
27.57282,22217
27.57972,25134
27.58660,26380
27.59350,26349
27.60040,23268
27.60730,24708
27.61418,23090
27.62108,24142
27.62798,23458
27.63488,22450
27.64177,18798
27.64867,16705
27.65557,14175
27.66245,13533
27.66935,13634
27.67625,15686
27.68315,16101
27.69003,20319
27.69693,25920
27.70383,39243
27.71072,72156
27.71762,137025
27.72452,249973
27.73142,405628
27.73830,593051
27.74520,741557
27.75210,842770
27.75900,855547
27.76588,742581
27.77278,548203
27.77968,341579
27.78657,187631
27.79347,103321
27.80037,56099
27.80727,36295
27.81415,27585
27.82105,28818
27.82795,29804
27.83485,31789
27.84173,31108
27.84863,29009
27.85553,27861
27.86242,24292
27.86932,19571
27.87622,17100
27.88312,13653
27.89000,12305
27.89690,10735
27.90380,10411
27.91068,10022
27.91758,11545
27.92448,11580
27.93138,12903
27.93827,14929
27.94517,15807
27.95207,17960
27.95897,17201
27.96585,18041
27.97275,17646
27.97965,15939
27.98653,15256
27.99343,14510
28.00033,14625
28.00723,14625
28.01412,14386
28.02102,15425
28.02792,15361
28.03482,16163
28.04170,17823
28.04860,14913
28.05550,14780
28.06238,11588
28.06928,9875
28.07618,8176
28.08308,7986
28.08997,5756
28.09687,6571
28.10377,7892
28.11065,7830
28.11755,10721
28.12445,12100
28.13135,14176
28.13823,15556
28.14513,16070
28.15203,18858
28.15893,15558
28.16582,14430
28.17272,11494
28.17962,11044
28.18650,10797
28.19340,10572
28.20030,10639
28.20720,11444
28.21408,13543
28.22098,13275
28.22788,13394
28.23478,13574
28.24167,14111
28.24857,13140
28.25547,11198
28.26235,10807
28.26925,10188
28.27615,8647
28.28305,9373
28.28993,8355
28.29683,8356
28.30373,10164
28.31062,8479
28.31752,9139
28.32442,6478
28.33132,6262
28.33820,6387
28.34510,6212
28.35200,6602
28.35890,5360
28.36578,5398
28.37268,7129
28.37958,6267
28.38647,6760
28.39337,6721
28.40027,7084
28.40717,6749
28.41405,6430
28.42095,7134
28.42785,7615
28.43473,6653
28.44163,7545
28.44853,7423
28.45543,7195
28.46232,6658
28.46922,6068
28.47612,5278
28.48302,5870
28.48990,6320
28.49680,5548
28.50370,5179
28.51058,5202
28.51748,6029
28.52438,6404
28.53128,6674
28.53817,5389
28.54507,6939
28.55197,6820
28.55887,5373
28.56575,5175
28.57265,3816
28.57955,6194
28.58643,6837
28.59333,8125
28.60023,8328
28.60713,9493
28.61402,10357
28.62092,9045
28.62782,8453
28.63470,8148
28.64160,6927
28.64850,5758
28.65540,5532
28.66228,4835
28.66918,4717
28.67608,4321
28.68298,5701
28.68987,5561
28.69677,5957
28.70367,5096
28.71055,4745
28.71745,4399
28.72435,5033
28.73125,4193
28.73813,4887
28.74503,5639
28.75193,5200
28.75883,5260
28.76572,5400
28.77262,5337
28.77952,5423
28.78640,5454
28.79330,6164
28.80020,7444
28.80710,9225
28.81398,13413
28.82088,15942
28.82778,20414
28.83467,22870
28.84157,22267
28.84847,23589
28.85537,17698
28.86225,15687
28.86915,15092
28.87605,11813
28.88295,12327
28.88983,13441
28.89673,12290
28.90363,11000
28.91052,11477
28.91742,11318
28.92432,8866
28.93122,8417
28.93810,8747
28.94500,9306
28.95190,8927
28.95880,8103
28.96568,7376
28.97258,7344
28.97948,6965
28.98637,6711
28.99327,7153
29.00017,7112
29.00707,6032
29.01395,5261
29.02085,5848
29.02775,5114
29.03463,6268
29.04153,6876
29.04843,7582
29.05533,8690
29.06222,10986
29.06912,12961
29.07602,14564
29.08292,15378
29.08980,15659
29.09670,12483
29.10360,11278
29.11048,8708
29.11738,6896
29.12428,6325
29.13118,6168
29.13807,4920
29.14497,5327
29.15187,4790
29.15875,5256
29.16565,5776
29.17255,6697
29.17945,8251
29.18633,7854
29.19323,7651
29.20013,7899
29.20703,5735
29.21392,6450
29.22082,4603
29.22772,5065
29.23460,4280
29.24150,5474
29.24840,3968
29.25530,4392
29.26218,4930
29.26908,6138
29.27598,8805
29.28288,10333
29.28977,13422
29.29667,13191
29.30357,13397
29.31045,11265
29.31735,11147
29.32425,10353
29.33115,7864
29.33803,7699
29.34493,6905
29.35183,6286
29.35872,7030
29.36562,6542
29.37252,6704
29.37942,5095
29.38630,5531
29.39320,5433
29.40010,4787
29.40700,4624
29.41388,5544
29.42078,4514
29.42768,6168
29.43457,5166
29.44147,5331
29.44837,5560
29.45527,5814
29.46215,6347
29.46905,6617
29.47595,5550
29.48285,5879
29.48973,6165
29.49663,5229
29.50353,5133
29.51042,6084
29.51732,8759
29.52422,13242
29.53112,29970
29.53800,61910
29.54490,132582
29.55180,230490
29.55868,374482
29.56558,504471
29.57248,605072
29.57938,645629
29.58627,598034
29.59317,468654
29.60007,326179
29.60697,199247
29.61385,116090
29.62075,61581
29.62765,32824
29.63453,19018
29.64143,14848
29.64833,12847
29.65523,11593
29.66212,11611
29.66902,10493
29.67592,10325
29.68282,11558
29.68970,11789
29.69660,9570
29.70350,10348
29.71038,8661
29.71728,8430
29.72418,7531
29.73108,6327
29.73797,6507
29.74487,6271
29.75177,6032
29.75865,5862
29.76555,4956
29.77245,5352
29.77935,5270
29.78623,5946
29.79313,5241
29.80003,5507
29.80693,4815
29.81382,6002
29.82072,5960
29.82762,6090
29.83450,5127
29.84140,6727
29.84830,6779
29.85520,6812
29.86208,5836
29.86898,5636
29.87588,5465
29.88278,5854
29.88967,5096
29.89657,4458
29.90347,5328
29.91035,5814
29.91725,5681
29.92415,6269
29.93105,5397
29.93793,5839
29.94483,5568
29.95173,5963
29.95862,5363
29.96552,6285
29.97242,6193
29.97932,6059
29.98620,6118
29.99310,6032
30.00000,5072
30.00690,4841
30.01378,4102
30.02068,4542
30.02758,4729
30.03447,4120
30.04137,4792
30.04827,4737
30.05517,5243
30.06205,3545
30.06895,4237
30.07585,4079
30.08273,4149
30.08963,4846
30.09653,4372
30.10343,4778
30.11032,4912
30.11722,4476
30.12412,3450
30.13102,4186
30.13790,3527
30.14480,3684
30.15170,4048
30.15858,4681
30.16548,5088
30.17238,5603
30.17928,6200
30.18617,9960
30.19307,15764
30.19997,21087
30.20687,31918
30.21375,37249
30.22065,50306
30.22755,56493
30.23443,54121
30.24133,49920
30.24823,39396
30.25513,31774
30.26202,26697
30.26892,26845
30.27582,30720
30.28270,35764
30.28960,35000
30.29650,33614
30.30340,29207
30.31028,24479
30.31718,21460
30.32408,19945
30.33098,19359
30.33787,19172
30.34477,21084
30.35167,24910
30.35855,24719
30.36545,23662
30.37235,22511
30.37925,19991
30.38613,15851
30.39303,13119
30.39993,12820
30.40683,11835
30.41372,12605
30.42062,11834
30.42752,11480
30.43440,11911
30.44130,12154
30.44820,12978
30.45510,13750
30.46198,13773
30.46888,15033
30.47578,15584
30.48267,14881
30.48957,12412
30.49647,9789
30.50337,9708
30.51025,7587
30.51715,8274
30.52405,8045
30.53095,6873
30.53783,8549
30.54473,8302
30.55163,7446
30.55852,7413
30.56542,7640
30.57232,8696
30.57922,7766
30.58610,9117
30.59300,9450
30.59990,10222
30.60680,11583
30.61368,13162
30.62058,12808
30.62748,12894
30.63437,11700
30.64127,12573
30.64817,13132
30.65507,11441
30.66195,10378
30.66885,10887
30.67575,10505
30.68263,9652
30.68953,10490
30.69643,10485
30.70333,11339
30.71022,11814
30.71712,10971
30.72402,10162
30.73092,11908
30.73780,11578
30.74470,12754
30.75160,13844
30.75848,13496
30.76538,14874
30.77228,17426
30.77918,18929
30.78607,19628
30.79297,21158
30.79987,23679
30.80677,25240
30.81365,25192
30.82055,27726
30.82745,27174
30.83433,27451
30.84123,29319
30.84813,26867
30.85503,24112
30.86192,20815
30.86882,18928
30.87572,15446
30.88260,13522
30.88950,12857
30.89640,12223
30.90330,14790
30.91018,18102
30.91708,22288
30.92398,36347
30.93088,55200
30.93777,75687
30.94467,96399
30.95157,110253
30.95845,117409
30.96535,110902
30.97225,93254
30.97915,71601
30.98603,51634
30.99293,37794
30.99983,26564
31.00673,22081
31.01362,22841
31.02052,23088
31.02742,22394
31.03430,21283
31.04120,18523
31.04810,21058
31.05500,20006
31.06188,23397
31.06878,27714
31.07568,31410
31.08257,34326
31.08947,33956
31.09637,32100
31.10327,29745
31.11015,26709
31.11705,22261
31.12395,19483
31.13085,17628
31.13773,16531
31.14463,15504
31.15153,14549
31.15842,14232
31.16532,14708
31.17222,16514
31.17912,17854
31.18600,21362
31.19290,24312
31.19980,30566
31.20668,38144
31.21358,44021
31.22048,50202
31.22738,49787
31.23427,46693
31.24117,43489
31.24807,34375
31.25497,29853
31.26185,28565
31.26875,31659
31.27565,47356
31.28253,86394
31.28943,157989
31.29633,283235
31.30323,467173
31.31012,667605
31.31702,859845
31.32392,958263
31.33082,979997
31.33770,871610
31.34460,702459
31.35150,474055
31.35838,296215
31.36528,171357
31.37218,102650
31.37908,64487
31.38597,40858
31.39287,30688
31.39977,24292
31.40665,20269
31.41355,19091
31.42045,17864
31.42735,17624
31.43423,19478
31.44113,21569
31.44803,22535
31.45493,23713
31.46182,23064
31.46872,21876
31.47562,20033
31.48250,20576
31.48940,18173
31.49630,18009
31.50320,17184
31.51008,17560
31.51698,18387
31.52388,17777
31.53078,19950
31.53767,22488
31.54457,23490
31.55147,24828
31.55835,27712
31.56525,30829
31.57215,30202
31.57905,31594
31.58593,32189
31.59283,31866
31.59973,30685
31.60662,26223
31.61352,23218
31.62042,22372
31.62732,19838
31.63420,17483
31.64110,16327
31.64800,16395
31.65490,16422
31.66178,16198
31.66868,14956
31.67558,14994
31.68247,17226
31.68937,17370
31.69627,18274
31.70317,20555
31.71005,22278
31.71695,21245
31.72385,21955
31.73075,22450
31.73763,21849
31.74453,23474
31.75143,23088
31.75832,22781
31.76522,20383
31.77212,18020
31.77902,16968
31.78590,13941
31.79280,11561
31.79970,12263
31.80658,11070
31.81348,10461
31.82038,10085
31.82728,11994
31.83417,12068
31.84107,12884
31.84797,13849
31.85487,14980
31.86175,14427
31.86865,14747
31.87555,15381
31.88243,15447
31.88933,15421
31.89623,16934
31.90313,18420
31.91002,18014
31.91692,16977
31.92382,15905
31.93070,15640
31.93760,15114
31.94450,14491
31.95140,13150
31.95828,11874
31.96518,11344
31.97208,11092
31.97898,10721
31.98587,11894
31.99277,11240
31.99967,12536
32.00655,13050
32.01345,13345
32.02035,15287
32.02725,15823
32.03413,15902
32.04103,16178
32.04793,15289
32.05483,14431
32.06172,13269
32.06862,12291
32.07552,12462
32.08240,11162
32.08930,10909
32.09620,11561
32.10310,11057
32.10998,10960
32.11688,12211
32.12378,11111
32.13067,12050
32.13757,11894
32.14447,10764
32.15137,10524
32.15825,11665
32.16515,11297
32.17205,10922
32.17895,10808
32.18583,10779
32.19273,12630
32.19963,12283
32.20652,12355
32.21342,12757
32.22032,13673
32.22722,13427
32.23410,13268
32.24100,13042
32.24790,12280
32.25480,13195
32.26168,12727
32.26858,12172
32.27548,11081
32.28237,11585
32.28927,12338
32.29617,12679
32.30307,13070
32.30995,13841
32.31685,19202
32.32375,29233
32.33063,49857
32.33753,90791
32.34443,164369
32.35133,304219
32.35822,508075
32.36512,797590
32.37202,1044021
32.37892,1239625
32.38580,1278494
32.39270,1096060
32.39960,805109
32.40648,546284
32.41338,370536
32.42028,259142
32.42718,191858
32.43407,156313
32.44097,141781
32.44787,138316
32.45477,134637
32.46165,138075
32.46855,137381
32.47545,120749
32.48233,107438
32.48923,100392
32.49613,95408
32.50303,109909
32.50992,152507
32.51682,239145
32.52372,382744
32.53060,573687
32.53750,827908
32.54440,1043879
32.55130,1179646
32.55818,1192745
32.56508,1091105
32.57198,844065
32.57888,583452
32.58577,379386
32.59267,228371
32.59957,143875
32.60645,95917
32.61335,72797
32.62025,57932
32.62715,60636
32.63403,71681
32.64093,96000
32.64783,136331
32.65473,180347
32.66162,229509
32.66852,257151
32.67542,253725
32.68230,226513
32.68920,185218
32.69610,135142
32.70300,95729
32.70988,65511
32.71678,48479
32.72368,37873
32.73057,31103
32.73747,30513
32.74437,29704
32.75127,29432
32.75815,30219
32.76505,28026
32.77195,29104
32.77885,29382
32.78573,29074
32.79263,31386
32.79953,30328
32.80642,31720
32.81332,31244
32.82022,27842
32.82712,26913
32.83400,27143
32.84090,25778
32.84780,26425
32.85468,24860
32.86158,23911
32.86848,23352
32.87538,23769
32.88227,23297
32.88917,25705
32.89607,30275
32.90297,36333
32.90985,40776
32.91675,43971
32.92365,46919
32.93053,47755
32.93743,47361
32.94433,51664
32.95123,81585
32.95812,142227
32.96502,288114
32.97192,535712
32.97882,928229
32.98570,1449658
32.99260,2056272
32.99950,2752313
33.00638,3519690
33.01328,4298879
33.02018,5158210
33.02708,6044709
33.03397,6936335
33.04087,7452548
33.04777,7893189
33.05465,7409209
33.06155,5456113
33.06845,2696632
33.07535,1024185
33.08223,393758
33.08913,190380
33.09603,120104
33.10293,87576
33.10982,69387
33.11672,59827
33.12362,51849
33.13050,45520
33.13740,43824
33.14430,42141
33.15120,40286
33.15808,38766
33.16498,38613
33.17188,39812
33.17878,37383
33.18567,35004
33.19257,34182
33.19947,30516
33.20635,28180
33.21325,26403
33.22015,24395
33.22705,23629
33.23393,24152
33.24083,21242
33.24773,23275
33.25462,22719
33.26152,21882
33.26842,21425
33.27532,21610
33.28220,20850
33.28910,20149
33.29600,19804
33.30290,20364
33.30978,19178
33.31668,18238
33.32358,19625
33.33047,18225
33.33737,18681
33.34427,17083
33.35117,16683
33.35805,16345
33.36495,16033
33.37185,15557
33.37875,15009
33.38563,15028
33.39253,12929
33.39943,13202
33.40632,15441
33.41322,15162
33.42012,16113
33.42702,17966
33.43390,18960
33.44080,20753
33.44770,24465
33.45458,24791
33.46148,23417
33.46838,21101
33.47528,18685
33.48217,17380
33.48907,15484
33.49597,14297
33.50287,14029
33.50975,14110
33.51665,13645
33.52355,14774
33.53043,15386
33.53733,14113
33.54423,16802
33.55113,15681
33.55802,19136
33.56492,19925
33.57182,20903
33.57872,21159
33.58560,23901
33.59250,23436
33.59940,23216
33.60628,22008
33.61318,19799
33.62008,18123
33.62698,18079
33.63387,15703
33.64077,15464
33.64767,14873
33.65455,14657
33.66145,15041
33.66835,14797
33.67525,15572
33.68213,15441
33.68903,16658
33.69593,15911
33.70283,16731
33.70972,15700
33.71662,16305
33.72352,13941
33.73040,15243
33.73730,13657
33.74420,15172
33.75110,14386
33.75798,15031
33.76488,15574
33.77178,16553
33.77868,20135
33.78557,25056
33.79247,29143
33.79937,37651
33.80625,43765
33.81315,47048
33.82005,46571
33.82695,43872
33.83383,38715
33.84073,34598
33.84763,29533
33.85452,24475
33.86142,21425
33.86832,18963
33.87522,18450
33.88210,18368
33.88900,18796
33.89590,19433
33.90280,20298
33.90968,22764
33.91658,24350
33.92348,24297
33.93037,25471
33.93727,24841
33.94417,22151
33.95107,20585
33.95795,18882
33.96485,19637
33.97175,18469
33.97863,20260
33.98553,17534
33.99243,18174
33.99933,19510
34.00622,18464
34.01312,18646
34.02002,17953
34.02692,16668
34.03380,17291
34.04070,15280
34.04760,14167
34.05448,14382
34.06138,13972
34.06828,14445
34.07518,13779
34.08207,14647
34.08897,16636
34.09587,17104
34.10277,18035
34.10965,18298
34.11655,17579
34.12345,18412
34.13033,20290
34.13723,23090
34.14413,26072
34.15103,33756
34.15792,42019
34.16482,51185
34.17172,56290
34.17860,61085
34.18550,62521
34.19240,54145
34.19930,46592
34.20618,40782
34.21308,34893
34.21998,30908
34.22688,27653
34.23377,25939
34.24067,26612
34.24757,25025
34.25445,24438
34.26135,21717
34.26825,22688
34.27515,21467
34.28203,24619
34.28893,25474
34.29583,29451
34.30273,32008
34.30962,33301
34.31652,35415
34.32342,32783
34.33030,30971
34.33720,28021
34.34410,25268
34.35100,23983
34.35788,23609
34.36478,24002
34.37168,22472
34.37857,24322
34.38547,24723
34.39237,27679
34.39927,28302
34.40615,26784
34.41305,26536
34.41995,27843
34.42685,26799
34.43373,31567
34.44063,38788
34.44753,48936
34.45442,61321
34.46132,72383
34.46822,81168
34.47512,88024
34.48200,85082
34.48890,80626
34.49580,67191
34.50270,60285
34.50958,50239
34.51648,45946
34.52338,40168
34.53027,37231
34.53717,37052
34.54407,36417
34.55097,40359
34.55785,49513
34.56475,69179
34.57165,111708
34.57853,190548
34.58543,326606
34.59233,503926
34.59923,709579
34.60612,901704
34.61302,1044636
34.61992,1114952
34.62682,993151
34.63370,808083
34.64060,569463
34.64750,369693
34.65438,221856
34.66128,140682
34.66818,93054
34.67508,70613
34.68197,56789
34.68887,52788
34.69577,54977
34.70265,54226
34.70955,56708
34.71645,54150
34.72335,48389
34.73023,46885
34.73713,43402
34.74403,37679
34.75093,32797
34.75782,29878
34.76472,29859
34.77162,28113
34.77850,28496
34.78540,31446
34.79230,31359
34.79920,33383
34.80608,33731
34.81298,34828
34.81988,35363
34.82678,35694
34.83367,34299
34.84057,32405
34.84747,27430
34.85435,27316
34.86125,24965
34.86815,23800
34.87505,24423
34.88193,24606
34.88883,24903
34.89573,23474
34.90262,26657
34.90952,27906
34.91642,29045
34.92332,30470
34.93020,30875
34.93710,32568
34.94400,34245
34.95090,36522
34.95778,37058
34.96468,37759
34.97158,37861
34.97847,38179
34.98537,36308
34.99227,36594
34.99917,35635
35.00605,37680
35.01295,33435
35.01985,31979
35.02675,28464
35.03363,27180
35.04053,26210
35.04743,28387
35.05432,27005
35.06122,28614
35.06812,31043
35.07502,29712
35.08190,32352
35.08880,29001
35.09570,29710
35.10258,30007
35.10948,28355
35.11638,31115
35.12328,29394
35.13017,30417
35.13707,30699
35.14397,29183
35.15087,27798
35.15775,27546
35.16465,25760
35.17155,25881
35.17843,25141
35.18533,22849
35.19223,22979
35.19913,21601
35.20602,21473
35.21292,21766
35.21982,22302
35.22672,21015
35.23360,21777
35.24050,22339
35.24740,21883
35.25428,21277
35.26118,21905
35.26808,21703
35.27498,24254
35.28187,23709
35.28877,22339
35.29567,23184
35.30255,22714
35.30945,24128
35.31635,24377
35.32325,22057
35.33013,22747
35.33703,22945
35.34393,22399
35.35083,22012
35.35772,23168
35.36462,22170
35.37152,25633
35.37840,24839
35.38530,26601
35.39220,25473
35.39910,25868
35.40598,26879
35.41288,26260
35.41978,26260
35.42668,24991
35.43357,24459
35.44047,23366
35.44737,22170
35.45425,21572
35.46115,22138
35.46805,21342
35.47495,20819
35.48183,21707
35.48873,19413
35.49563,20500
35.50252,19941
35.50942,21916
35.51632,19435
35.52322,22007
35.53010,22040
35.53700,24293
35.54390,25821
35.55080,34050
35.55768,47635
35.56458,68747
35.57148,101123
35.57837,143916
35.58527,185610
35.59217,218088
35.59907,231354
35.60595,214349
35.61285,188350
35.61975,149437
35.62663,113498
35.63353,83553
35.64043,65174
35.64733,55460
35.65422,52027
35.66112,60231
35.66802,72734
35.67492,100507
35.68180,130796
35.68870,166340
35.69560,188406
35.70248,211526
35.70938,218441
35.71628,237375
35.72318,296060
35.73007,393546
35.73697,589156
35.74387,814759
35.75077,1062082
35.75765,1326357
35.76455,1432557
35.77145,1417566
35.77833,1231499
35.78523,943675
35.79213,664225
35.79903,438676
35.80592,298988
35.81282,214073
35.81972,174555
35.82660,156324
35.83350,147125
35.84040,154034
35.84730,178325
35.85418,225004
35.86108,285020
35.86798,364056
35.87488,434886
35.88177,463974
35.88867,458838
35.89557,405655
35.90245,316551
35.90935,230840
35.91625,166566
35.92315,121929
35.93003,93534
35.93693,78684
35.94383,66305
35.95073,58310
35.95762,54761
35.96452,47264
35.97142,43884
35.97830,40510
35.98520,39432
35.99210,39890
35.99900,38804
36.00588,42850
36.01278,40148
36.01968,40014
36.02657,41836
36.03347,41530
36.04037,41617
36.04727,42706
36.05415,39793
36.06105,39770
36.06795,41333
36.07485,45842
36.08173,48335
36.08863,49768
36.09553,58512
36.10242,64860
36.10932,83846
36.11622,128333
36.12312,225731
36.13000,396334
36.13690,709940
36.14380,1130000
36.15070,1633257
36.15758,2330293
36.16448,3106340
36.17138,3858145
36.17827,4709207
36.18517,5548655
36.19207,6303275
36.19897,7208838
36.20585,7670427
36.21275,7423398
36.21965,6392982
36.22653,4040425
36.23343,1880330
36.24033,810731
36.24723,407265
36.25412,250802
36.26102,183990
36.26792,143902
36.27482,116690
36.28170,101468
36.28860,85533
36.29550,78636
36.30238,70983
36.30928,64350
36.31618,60281
36.32308,56907
36.32997,53506
36.33687,49074
36.34377,50759
36.35067,48797
36.35755,48101
36.36445,47119
36.37135,48102
36.37823,44631
36.38513,42505
36.39203,41488
36.39893,37124
36.40582,35700
36.41272,34924
36.41962,33866
36.42650,34944
36.43340,32975
36.44030,33646
36.44720,31427
36.45408,30916
36.46098,33232
36.46788,31963
36.47478,30132
36.48167,31664
36.48857,35689
36.49547,34860
36.50235,37292
36.50925,36856
36.51615,36661
36.52305,34563
36.52993,31063
36.53683,29561
36.54373,30285
36.55063,28088
36.55752,26774
36.56442,28320
36.57132,26971
36.57820,26726
36.58510,25714
36.59200,25094
36.59890,28047
36.60578,32794
36.61268,39365
36.61958,48103
36.62647,64703
36.63337,78685
36.64027,91961
36.64717,98823
36.65405,104975
36.66095,94718
36.66785,89201
36.67475,82291
36.68163,72454
36.68853,68341
36.69543,58391
36.70232,55225
36.70922,48035
36.71612,42798
36.72302,42198
36.72990,37029
36.73680,35987
36.74370,33100
36.75058,30104
36.75748,29482
36.76438,29795
36.77128,29326
36.77817,27959
36.78507,28479
36.79197,29230
36.79887,28896
36.80575,29111
36.81265,28663
36.81955,25399
36.82643,27385
36.83333,26923
36.84023,28643
36.84713,28549
36.85402,28260
36.86092,27726
36.86782,26804
36.87472,25426
36.88160,25640
36.88850,26381
36.89540,27224
36.90228,28890
36.90918,30863
36.91608,31769
36.92298,32632
36.92987,36704
36.93677,32485
36.94367,31463
36.95055,29052
36.95745,27076
36.96435,28758
36.97125,25750
36.97813,25845
36.98503,23376
36.99193,25818
36.99883,24997
37.00572,24066
37.01262,23165
37.01952,25420
37.02640,25315
37.03330,23864
37.04020,23503
37.04710,24986
37.05398,23282
37.06088,26130
37.06778,27793
37.07468,30611
37.08157,36121
37.08847,41488
37.09537,47811
37.10225,49893
37.10915,51070
37.11605,48970
37.12295,45786
37.12983,40591
37.13673,38488
37.14363,34314
37.15052,31937
37.15742,30764
37.16432,30102
37.17122,31106
37.17810,30658
37.18500,32185
37.19190,35182
37.19880,33370
37.20568,37205
37.21258,39391
37.21948,40912
37.22637,46223
37.23327,49198
37.24017,54107
37.24707,58969
37.25395,63252
37.26085,67960
37.26775,64926
37.27465,62147
37.28153,56446
37.28843,51234
37.29533,46875
37.30222,39806
37.30912,37226
37.31602,36038
37.32292,34917
37.32980,34163
37.33670,35544
37.34360,35394
37.35048,34723
37.35738,34197
37.36428,36284
37.37118,41584
37.37807,48932
37.38497,49021
37.39187,49333
37.39877,48205
37.40565,46126
37.41255,46438
37.41945,43746
37.42633,42776
37.43323,41791
37.44013,41349
37.44703,39082
37.45392,38403
37.46082,37043
37.46772,36359
37.47460,36701
37.48150,35296
37.48840,36585
37.49530,35927
37.50218,36451
37.50908,35351
37.51598,37925
37.52288,39138
37.52977,37364
37.53667,38035
37.54357,39145
37.55045,38736
37.55735,40818
37.56425,41856
37.57115,40551
37.57803,42133
37.58493,43338
37.59183,46159
37.59873,51710
37.60562,62321
37.61252,93064
37.61942,148822
37.62630,235169
37.63320,380515
37.64010,575089
37.64700,763381
37.65388,923366
37.66078,1002395
37.66768,959927
37.67457,829410
37.68147,652059
37.68837,481145
37.69527,341249
37.70215,248367
37.70905,189702
37.71595,158800
37.72285,134974
37.72973,116002
37.73663,101917
37.74353,91554
37.75042,82748
37.75732,75888
37.76422,69053
37.77112,65693
37.77800,65353
37.78490,64546
37.79180,63785
37.79870,64338
37.80558,68040
37.81248,68930
37.81938,66448
37.82627,61378
37.83317,60099
37.84007,55320
37.84697,50800
37.85385,47134
37.86075,48015
37.86765,45058
37.87453,45803
37.88143,43047
37.88833,45219
37.89523,45802
37.90212,48087
37.90902,48907
37.91592,50469
37.92282,53865
37.92970,53311
37.93660,50533
37.94350,49344
37.95038,48434
37.95728,44565
37.96418,46246
37.97108,45320
37.97797,42067
37.98487,43391
37.99177,45821
37.99867,45854
38.00555,45018
38.01245,50253
38.01935,52142
38.02623,51070
38.03313,50651
38.04003,50685
38.04693,48480
38.05382,44064
38.06072,42587
38.06762,44505
38.07450,44309
38.08140,41099
38.08830,43272
38.09520,39796
38.10208,43866
38.10898,43964
38.11588,45947
38.12278,47668
38.12967,49178
38.13657,52830
38.14347,55462
38.15035,56872
38.15725,55506
38.16415,53304
38.17105,50867
38.17793,51579
38.18483,49096
38.19173,46060
38.19862,48315
38.20552,47454
38.21242,46756
38.21932,50278
38.22620,52073
38.23310,51654
38.24000,57765
38.24690,58814
38.25378,58045
38.26068,58574
38.26758,58615
38.27447,55934
38.28137,55295
38.28827,53153
38.29517,54294
38.30205,54440
38.30895,57329
38.31585,58449
38.32275,60555
38.32963,60276
38.33653,57873
38.34343,54575
38.35032,52270
38.35722,48049
38.36412,47324
38.37102,45861
38.37790,45091
38.38480,43437
38.39170,44239
38.39858,45247
38.40548,42407
38.41238,44292
38.41928,45527
38.42617,43587
38.43307,44993
38.43997,44383
38.44687,43337
38.45375,42599
38.46065,42779
38.46755,43575
38.47443,43145
38.48133,43220
38.48823,43933
38.49513,43752
38.50202,44081
38.50892,46545
38.51582,48314
38.52272,56305
38.52960,64279
38.53650,81933
38.54340,108206
38.55028,138394
38.55718,166752
38.56408,191298
38.57098,200171
38.57787,191057
38.58477,174616
38.59167,150239
38.59855,124865
38.60545,104407
38.61235,88795
38.61925,75656
38.62613,70191
38.63303,68100
38.63993,65405
38.64683,64839
38.65372,65649
38.66062,72171
38.66752,81697
38.67440,94682
38.68130,114646
38.68820,133947
38.69510,171308
38.70198,218222
38.70888,291213
38.71578,396582
38.72268,556514
38.72957,695481
38.73647,837366
38.74337,935373
38.75025,935614
38.75715,830791
38.76405,669601
38.77095,505748
38.77783,374237
38.78473,270390
38.79163,210295
38.79852,174975
38.80542,159864
38.81232,160607
38.81922,174702
38.82610,198242
38.83300,244447
38.83990,297804
38.84680,345191
38.85368,378323
38.86058,389499
38.86748,374800
38.87437,332454
38.88127,270142
38.88817,216099
38.89507,170811
38.90195,135939
38.90885,111473
38.91575,97311
38.92265,85859
38.92953,78695
38.93643,73634
38.94333,73471
38.95022,68950
38.95712,64938
38.96402,63523
38.97092,59163
38.97780,61674
38.98470,62061
38.99160,61533
38.99848,61150
39.00538,65754
39.01228,66314
39.01918,70858
39.02607,76690
39.03297,83035
39.03987,103882
39.04677,134205
39.05365,201820
39.06055,332392
39.06745,565382
39.07433,883023
39.08123,1316340
39.08813,1943614
39.09503,2592733
39.10192,3479281
39.10882,4230226
39.11572,4933674
39.12262,5604154
39.12950,5813192
39.13640,5501889
39.14330,4547415
39.15018,2891214
39.15708,1596175
39.16398,893420
39.17088,549753
39.17777,382189
39.18467,291522
39.19157,237650
39.19845,199995
39.20535,169677
39.21225,153215
39.21915,137953
39.22603,121904
39.23293,118072
39.23983,109536
39.24673,100052
39.25362,97233
39.26052,90348
39.26742,89882
39.27430,84453
39.28120,81007
39.28810,79870
39.29500,78126
39.30188,77355
39.30878,75863
39.31568,71536
39.32258,72364
39.32947,70928
39.33637,70803
39.34327,68756
39.35015,69262
39.35705,65501
39.36395,64316
39.37085,62489
39.37773,59108
39.38463,61426
39.39153,59634
39.39842,58897
39.40532,58953
39.41222,58655
39.41912,54721
39.42600,58237
39.43290,55322
39.43980,55472
39.44670,54064
39.45358,53842
39.46048,54560
39.46738,54261
39.47427,52947
39.48117,52532
39.48807,53216
39.49497,57613
39.50185,58620
39.50875,62533
39.51565,68355
39.52253,77615
39.52943,90497
39.53633,102887
39.54323,118775
39.55012,123962
39.55702,126772
39.56392,123586
39.57082,117104
39.57770,110531
39.58460,106060
39.59150,99359
39.59838,93647
39.60528,89068
39.61218,86406
39.61908,83017
39.62597,76566
39.63287,70902
39.63977,67717
39.64667,64816
39.65355,62427
39.66045,61930
39.66735,60678
39.67423,60370
39.68113,62128
39.68803,61015
39.69493,58389
39.70182,61142
39.70872,57591
39.71562,56870
39.72250,56945
39.72940,58400
39.73630,55927
39.74320,57158
39.75008,58358
39.75698,56583
39.76388,57442
39.77078,56348
39.77767,58309
39.78457,57005
39.79147,57078
39.79835,60620
39.80525,58112
39.81215,59668
39.81905,59791
39.82593,60103
39.83283,57187
39.83973,56740
39.84663,56880
39.85352,56958
39.86042,53511
39.86732,57632
39.87420,55014
39.88110,54453
39.88800,55032
39.89490,51490
39.90178,55507
39.90868,53503
39.91558,54442
39.92247,55709
39.92937,55233
39.93627,54884
39.94317,55530
39.95005,55285
39.95695,56599
39.96385,56282
39.97075,57268
39.97763,55569
39.98453,54140
39.99143,53233
39.99832,54162
40.00522,54475
40.01212,54690
40.01902,53862
40.02590,54598
40.03280,54839
40.03970,52358
40.04660,54606
40.05348,51469
40.06038,52337
40.06728,50692
40.07417,53067
40.08107,56413
40.08797,56979
40.09487,58906
40.10175,62825
40.10865,64470
40.11555,68221
40.12243,70981
40.12933,75595
40.13623,75137
40.14313,74336
40.15002,71249
40.15692,75549
40.16382,74747
40.17072,72996
40.17760,75176
40.18450,76289
40.19140,83517
40.19828,84945
40.20518,87166
40.21208,90575
40.21898,86653
40.22587,84383
40.23277,80160
40.23967,85207
40.24655,83797
40.25345,81642
40.26035,79372
40.26725,76535
40.27413,77484
40.28103,73648
40.28793,73551
40.29483,73222
40.30172,69062
40.30862,70022
40.31552,67773
40.32240,67563
40.32930,67127
40.33620,66025
40.34310,65681
40.34998,63671
40.35688,65587
40.36378,65194
40.37068,63213
40.37757,64496
40.38447,64028
40.39137,64232
40.39825,64355
40.40515,63474
40.41205,68164
40.41895,68283
40.42583,72309
40.43273,78604
40.43963,91590
40.44652,127017
40.45342,176907
40.46032,260691
40.46722,372961
40.47410,516458
40.48100,638871
40.48790,713752
40.49480,730917
40.50168,655421
40.50858,565150
40.51548,438501
40.52237,336669
40.52927,256446
40.53617,204992
40.54307,169792
40.54995,152072
40.55685,138003
40.56375,123201
40.57065,116897
40.57753,110567
40.58443,108979
40.59133,105364
40.59822,99994
40.60512,96715
40.61202,95168
40.61892,91750
40.62580,87707
40.63270,89155
40.63960,83927
40.64648,84048
40.65338,83891
40.66028,79548
40.66718,80734
40.67407,83107
40.68097,80859
40.68787,87399
40.69477,89777
40.70165,91059
40.70855,92982
40.71545,91695
40.72233,88728
40.72923,86485
40.73613,84660
40.74303,80972
40.74992,81771
40.75682,78076
40.76372,82418
40.77062,82719
40.77750,85691
40.78440,85816
40.79130,88448
40.79818,88567
40.80508,86791
40.81198,87463
40.81888,84198
40.82577,83243
40.83267,80943
40.83957,78286
40.84645,76375
40.85335,75024
40.86025,73335
40.86715,75267
40.87403,80088
40.88093,81160
40.88783,83737
40.89473,85837
40.90162,89425
40.90852,87742
40.91542,89433
40.92230,86172
40.92920,84087
40.93610,76508
40.94300,80708
40.94988,78030
40.95678,76427
40.96368,79500
40.97058,80577
40.97747,80262
40.98437,82134
40.99127,82972
40.99815,84024
41.00505,81156
41.01195,81960
41.01885,79143
41.02573,77437
41.03263,75772
41.03953,74420
41.04642,75790
41.05332,76791
41.06022,75530
41.06712,78330
41.07400,80751
41.08090,80092
41.08780,81257
41.09470,81063
41.10158,84356
41.10848,86907
41.11538,88739
41.12227,90688
41.12917,94033
41.13607,95100
41.14297,98716
41.14985,102018
41.15675,98928
41.16365,93900
41.17053,92826
41.17743,92859
41.18433,87129
41.19123,88100
41.19812,82941
41.20502,83657
41.21192,84061
41.21882,85590
41.22570,83518
41.23260,87364
41.23950,84475
41.24638,82802
41.25328,83646
41.26018,83744
41.26708,81625
41.27397,82029
41.28087,81064
41.28777,81185
41.29467,82722
41.30155,85172
41.30845,92327
41.31535,96733
41.32223,102796
41.32913,107837
41.33603,121140
41.34293,125977
41.34982,146721
41.35672,168627
41.36362,203432
41.37050,234676
41.37740,281955
41.38430,307358
41.39120,325323
41.39808,317058
41.40498,284547
41.41188,246049
41.41878,209312
41.42567,184192
41.43257,166402
41.43947,154213
41.44635,150044
41.45325,150761
41.46015,152962
41.46705,164205
41.47393,184152
41.48083,213151
41.48773,245612
41.49463,290538
41.50152,331623
41.50842,377198
41.51532,413306
41.52220,429999
41.52910,421518
41.53600,386727
41.54290,363534
41.54978,334347
41.55668,316827
41.56358,314940
41.57047,309187
41.57737,298262
41.58427,281279
41.59117,256862
41.59805,234914
41.60495,214362
41.61185,195987
41.61875,194904
41.62563,178026
41.63253,170059
41.63943,159488
41.64632,145893
41.65322,137245
41.66012,129200
41.66702,123300
41.67390,115311
41.68080,111689
41.68770,109300
41.69460,107251
41.70148,102603
41.70838,102294
41.71528,100991
41.72217,97192
41.72907,95445
41.73597,99802
41.74287,94355
41.74975,96163
41.75665,97836
41.76355,101085
41.77043,112720
41.77733,133406
41.78423,175369
41.79113,254633
41.79802,386981
41.80492,609111
41.81182,949999
41.81872,1335372
41.82560,1760846
41.83250,2181379
41.83940,2548764
41.84628,2790765
41.85318,2710990
41.86008,2347143
41.86698,1820243
41.87387,1279342
41.88077,878368
41.88767,628798
41.89457,480236
41.90145,389602
41.90835,331556
41.91525,288157
41.92213,258015
41.92903,232634
41.93593,210739
41.94283,194388
41.94972,179847
41.95662,164647
41.96352,166258
41.97040,154931
41.97730,147663
41.98420,143572
41.99110,137336
41.99798,133422
42.00488,131141
42.01178,128524
42.01868,123861
42.02557,120122
42.03247,118042
42.03937,116331
42.04625,113946
42.05315,113559
42.06005,114946
42.06695,111807
42.07383,109566
42.08073,111517
42.08763,111788
42.09453,107937
42.10142,108063
42.10832,103802
42.11522,104414
42.12210,105129
42.12900,105513
42.13590,100898
42.14280,100919
42.14968,99225
42.15658,100356
42.16348,100406
42.17037,100424
42.17727,102877
42.18417,104041
42.19107,105219
42.19795,109860
42.20485,118491
42.21175,127410
42.21865,133371
42.22553,144432
42.23243,148591
42.23933,148607
42.24622,146855
42.25312,141996
42.26002,136678
42.26692,132997
42.27380,126658
42.28070,123812
42.28760,121971
42.29448,113507
42.30138,111424
42.30828,112736
42.31518,108106
42.32207,104815
42.32897,103710
42.33587,102241
42.34277,104128
42.34965,102861
42.35655,100299
42.36345,103184
42.37033,101542
42.37723,100067
42.38413,100335
42.39103,98636
42.39792,96126
42.40482,97097
42.41172,95007
42.41862,94208
42.42550,97332
42.43240,99714
42.43930,95284
42.44618,96237
42.45308,95557
42.45998,99229
42.46688,100074
42.47377,96725
42.48067,100325
42.48757,104316
42.49445,100901
42.50135,103289
42.50825,98647
42.51515,100076
42.52203,98346
42.52893,96782
42.53583,99877
42.54273,96965
42.54962,99969
42.55652,96633
42.56342,99382
42.57030,98048
42.57720,97782
42.58410,99528
42.59100,98150
42.59788,98845
42.60478,95974
42.61168,96981
42.61858,97040
42.62547,95904
42.63237,99651
42.63927,96526
42.64615,96910
42.65305,95711
42.65995,95550
42.66685,96378
42.67373,95807
42.68063,95249
42.68753,95724
42.69442,95305
42.70132,93261
42.70822,94851
42.71512,95964
42.72200,93234
42.72890,95796
42.73580,94936
42.74270,94848
42.74958,95762
42.75648,96349
42.76338,96544
42.77027,97424
42.77717,99074
42.78407,98279
42.79097,101531
42.79785,99913
42.80475,104077
42.81165,104601
42.81855,102625
42.82543,103785
42.83233,104103
42.83923,104254
42.84612,106990
42.85302,102902
42.85992,100763
42.86682,102753
42.87370,101126
42.88060,99225
42.88750,99307
42.89438,100114
42.90128,100561
42.90818,98596
42.91508,100818
42.92197,101690
42.92887,101163
42.93577,103152
42.94267,109683
42.94955,113558
42.95645,121516
42.96335,124901
42.97023,121473
42.97713,130083
42.98403,122118
42.99093,120831
42.99782,121031
43.00472,124405
43.01162,123610
43.01850,129238
43.02540,131039
43.03230,129379
43.03920,132672
43.04608,133133
43.05298,130885
43.05988,125399
43.06678,130235
43.07367,134373
43.08057,146598
43.08747,168228
43.09435,196372
43.10125,248731
43.10815,315795
43.11505,385581
43.12193,459418
43.12883,533382
43.13573,555998
43.14263,523369
43.14952,480189
43.15642,404460
43.16332,333735
43.17020,278031
43.17710,239833
43.18400,214097
43.19090,192279
43.19778,180037
43.20468,168236
43.21158,162501
43.21847,155538
43.22537,152887
43.23227,146040
43.23917,146216
43.24605,142988
43.25295,137873
43.25985,134977
43.26675,136404
43.27363,135307
43.28053,133032
43.28743,133358
43.29432,129559
43.30122,134428
43.30812,129472
43.31502,135393
43.32190,130673
43.32880,130813
43.33570,133109
43.34260,133802
43.34948,131666
43.35638,131921
43.36328,128101
43.37017,127362
43.37707,128752
43.38397,124835
43.39087,125066
43.39775,125384
43.40465,128969
43.41155,128039
43.41843,126050
43.42533,126620
43.43223,126345
43.43913,127005
43.44602,128272
43.45292,129135
43.45982,124891
43.46672,128675
43.47360,128980
43.48050,134100
43.48740,131821
43.49428,133649
43.50118,134630
43.50808,133375
43.51498,132719
43.52187,130950
43.52877,129703
43.53567,131481
43.54257,130511
43.54945,132451
43.55635,132357
43.56325,134725
43.57013,133497
43.57703,133666
43.58393,137191
43.59083,137532
43.59772,132585
43.60462,131152
43.61152,131897
43.61840,129981
43.62530,130152
43.63220,129411
43.63910,127423
43.64598,127364
43.65288,127097
43.65978,128869
43.66668,128071
43.67357,132406
43.68047,126485
43.68737,129599
43.69425,127890
43.70115,129422
43.70805,126134
43.71495,127880
43.72183,125203
43.72873,130753
43.73563,128305
43.74253,130138
43.74942,133434
43.75632,133067
43.76322,135786
43.77010,142338
43.77700,141035
43.78390,142184
43.79080,145121
43.79768,143586
43.80458,139139
43.81148,140248
43.81837,140983
43.82527,137698
43.83217,139841
43.83907,144663
43.84595,150572
43.85285,153723
43.85975,166646
43.86665,168886
43.87353,182111
43.88043,187991
43.88733,191881
43.89422,193514
43.90112,187042
43.90802,181347
43.91492,177227
43.92180,172615
43.92870,169096
43.93560,164596
43.94250,162325
43.94938,162907
43.95628,162522
43.96318,161803
43.97007,165646
43.97697,173600
43.98387,179480
43.99077,186147
43.99765,191717
44.00455,196852
44.01145,195222
44.01833,193618
44.02523,201726
44.03213,217402
44.03903,248143
44.04592,305485
44.05282,375185
44.05972,460482
44.06662,568404
44.07350,680983
44.08040,763981
44.08730,783760
44.09418,769417
44.10108,687536
44.10798,594863
44.11488,521363
44.12177,466833
44.12867,449601
44.13557,461254
44.14245,513110
44.14935,589028
44.15625,695558
44.16315,809975
44.17003,869590
44.17693,898712
44.18383,833056
44.19073,739726
44.19762,624960
44.20452,523405
44.21142,443320
44.21830,377316
44.22520,334527
44.23210,302759
44.23900,280232
44.24588,263132
44.25278,249146
44.25968,233272
44.26658,226045
44.27347,215296
44.28037,210584
44.28727,204106
44.29415,196438
44.30105,187751
44.30795,187168
44.31485,184126
44.32173,184806
44.32863,185567
44.33553,196968
44.34242,221117
44.34932,263789
44.35622,342680
44.36312,471041
44.37000,630709
44.37690,841723
44.38380,1081806
44.39070,1245588
44.39758,1340262
44.40448,1285079
44.41138,1154458
44.41827,972654
44.42517,774205
44.43207,622629
44.43897,508743
44.44585,431635
44.45275,382744
44.45965,339531
44.46655,319623
44.47343,300893
44.48033,284701
44.48723,273416
44.49412,262587
44.50102,251161
44.50792,243962
44.51482,233333
44.52170,231671
44.52860,225016
44.53550,215376
44.54238,213083
44.54928,212358
44.55618,210496
44.56308,205615
44.56997,197216
44.57687,196302
44.58377,197733
44.59067,191499
44.59755,186030
44.60445,188752
44.61135,184770
44.61823,184448
44.62513,184469
44.63203,185377
44.63893,179763
44.64582,183769
44.65272,182982
44.65962,182092
44.66652,177510
44.67340,177023
44.68030,176218
44.68720,176135
44.69408,175070
44.70098,176995
44.70788,174145
44.71478,177090
44.72167,177276
44.72857,188442
44.73547,184352
44.74235,192118
44.74925,193925
44.75615,190603
44.76305,192616
44.76993,191444
44.77683,189540
44.78373,186487
44.79063,185318
44.79752,185362
44.80442,179731
44.81132,180484
44.81820,180398
44.82510,180977
44.83200,177318
44.83890,177780
44.84578,176749
44.85268,172723
44.85958,174241
44.86648,169964
44.87337,170228
44.88027,171162
44.88717,168365
44.89405,170588
44.90095,168501
44.90785,169681
44.91475,170830
44.92163,167299
44.92853,169032
44.93543,168878
44.94232,169877
44.94922,167357
44.95612,168626
44.96302,169932
44.96990,172668
44.97680,168598
44.98370,168340
44.99060,170484
44.99748,173362
45.00438,173277
45.01128,173345
45.01817,174011
45.02507,169294
45.03197,176932
45.03887,173637
45.04575,172251
45.05265,174427
45.05955,177608
45.06643,171548
45.07333,174230
45.08023,170283
45.08713,173813
45.09402,173909
45.10092,171279
45.10782,174695
45.11472,175595
45.12160,171865
45.12850,170779
45.13540,172297
45.14228,168990
45.14918,172124
45.15608,168860
45.16298,172263
45.16987,169975
45.17677,168605
45.18367,170546
45.19057,166635
45.19745,171610
45.20435,168330
45.21125,172620
45.21813,171029
45.22503,168606
45.23193,171619
45.23883,170066
45.24572,168335
45.25262,171810
45.25952,174245
45.26640,170963
45.27330,175651
45.28020,177301
45.28710,178084
45.29398,184832
45.30088,186144
45.30778,191679
45.31468,192555
45.32157,190145
45.32847,192375
45.33537,194312
45.34225,192710
45.34915,188720
45.35605,190832
45.36295,190563
45.36983,187609
45.37673,183582
45.38363,182172
45.39053,181544
45.39742,179824
45.40432,175132
45.41122,178099
45.41810,176269
45.42500,177252
45.43190,170822
45.43880,176395
45.44568,171369
45.45258,174120
45.45948,174346
45.46637,174200
45.47327,173723
45.48017,183260
45.48707,190272
45.49395,198517
45.50085,208492
45.50775,210345
45.51465,215627
45.52153,214812
45.52843,216918
45.53533,212811
45.54222,215150
45.54912,218425
45.55602,227226
45.56292,239911
45.56980,259036
45.57670,292944
45.58360,323765
45.59050,374229
45.59738,413876
45.60428,456482
45.61118,485712
45.61807,481871
45.62497,446975
45.63187,412609
45.63877,373724
45.64565,332153
45.65255,304834
45.65945,289095
45.66633,270085
45.67323,258847
45.68013,255348
45.68703,248060
45.69392,246600
45.70082,239869
45.70772,238282
45.71462,236605
45.72150,230509
45.72840,225998
45.73530,225517
45.74218,226994
45.74908,223982
45.75598,220038
45.76288,219331
45.76977,223714
45.77667,222527
45.78357,226630
45.79045,230248
45.79735,231949
45.80425,225408
45.81115,224850
45.81803,225583
45.82493,219874
45.83183,220477
45.83873,221619
45.84562,217701
45.85252,216247
45.85942,216532
45.86630,214460
45.87320,217586
45.88010,216653
45.88700,219733
45.89388,219951
45.90078,219238
45.90768,217645
45.91458,222156
45.92147,220904
45.92837,222931
45.93527,222816
45.94215,222197
45.94905,223881
45.95595,226074
45.96285,224632
45.96973,220388
45.97663,222090
45.98353,225063
45.99042,230013
45.99732,225020
46.00422,222781
46.01112,227858
46.01800,220817
46.02490,225431
46.03180,231443
46.03870,227105
46.04558,230175
46.05248,229483
46.05938,222762
46.06627,229010
46.07317,235262
46.08007,231294
46.08697,231967
46.09385,230374
46.10075,229677
46.10765,229114
46.11455,227367
46.12143,228250
46.12833,231788
46.13523,232878
46.14212,234724
46.14902,234027
46.15592,234275
46.16282,236274
46.16970,236233
46.17660,240829
46.18350,239824
46.19038,246341
46.19728,244022
46.20418,245526
46.21108,243407
46.21797,248524
46.22487,252337
46.23177,259198
46.23867,277636
46.24555,300171
46.25245,325982
46.25935,353057
46.26623,370124
46.27313,391571
46.28003,389707
46.28693,373074
46.29382,354079
46.30072,338408
46.30762,314052
46.31452,296116
46.32140,287702
46.32830,273374
46.33520,272208
46.34208,268218
46.34898,271825
46.35588,269401
46.36278,274333
46.36967,276826
46.37657,277186
46.38347,279267
46.39035,283298
46.39725,288513
46.40415,292162
46.41105,302494
46.41793,306105
46.42483,321029
46.43173,329305
46.43863,348072
46.44552,361143
46.45242,377307
46.45932,387003
46.46620,402597
46.47310,423312
46.48000,474458
46.48690,558932
46.49378,669501
46.50068,854494
46.50758,1035730
46.51448,1302171
46.52137,1478993
46.52827,1677996
46.53517,1712543
46.54205,1644469
46.54895,1416227
46.55585,1172959
46.56275,939102
46.56963,787359
46.57653,677503
46.58343,617634
46.59032,573307
46.59722,553137
46.60412,535664
46.61102,505643
46.61790,481520
46.62480,462300
46.63170,446268
46.63860,414581
46.64548,396536
46.65238,379007
46.65928,362480
46.66617,355348
46.67307,345421
46.67997,336243
46.68687,329733
46.69375,325457
46.70065,317868
46.70755,313698
46.71445,308145
46.72133,304425
46.72823,297630
46.73513,301314
46.74202,299534
46.74892,302091
46.75582,307094
46.76272,324200
46.76960,340850
46.77650,356616
46.78340,373201
46.79028,379987
46.79718,379851
46.80408,376040
46.81098,366153
46.81787,351138
46.82477,336767
46.83167,327180
46.83857,313941
46.84545,303298
46.85235,304148
46.85925,299047
46.86613,298420
46.87303,303617
46.87993,303481
46.88683,304630
46.89372,298643
46.90062,305442
46.90752,300890
46.91440,303519
46.92130,293035
46.92820,292325
46.93510,300999
46.94198,293351
46.94888,292836
46.95578,299670
46.96268,299913
46.96957,297063
46.97647,298859
46.98337,293773
46.99025,295854
46.99715,292618
47.00405,288812
47.01095,286111
47.01783,291834
47.02473,284417
47.03163,284244
47.03853,286866
47.04542,289216
47.05232,289330
47.05922,286377
47.06610,291328
47.07300,292523
47.07990,290407
47.08680,293165
47.09368,294766
47.10058,298065
47.10748,300446
47.11437,298638
47.12127,301299
47.12817,296067
47.13507,301979
47.14195,299246
47.14885,299167
47.15575,303930
47.16265,300246
47.16953,305777
47.17643,309569
47.18333,310083
47.19022,304219
47.19712,308325
47.20402,313245
47.21092,306553
47.21780,307424
47.22470,300000
47.23160,306478
47.23850,307021
47.24538,305979
47.25228,303043
47.25918,304280
47.26607,307459
47.27297,305367
47.27987,308111
47.28677,302588
47.29365,307441
47.30055,304154
47.30745,302256
47.31433,302653
47.32123,308637
47.32813,312896
47.33503,308813
47.34192,316861
47.34882,311766
47.35572,312709
47.36262,311513
47.36950,312834
47.37640,316576
47.38330,312271
47.39018,313039
47.39708,315274
47.40398,315679
47.41088,316199
47.41777,319245
47.42467,319399
47.43157,313029
47.43847,311975
47.44535,318294
47.45225,316659
47.45915,316560
47.46603,315806
47.47293,309764
47.47983,313626
47.48673,311349
47.49362,313681
47.50052,312456
47.50742,308269
47.51430,312416
47.52120,311004
47.52810,311194
47.53500,309625
47.54188,310814
47.54878,312167
47.55568,310367
47.56258,313597
47.56947,313502
47.57637,313706
47.58327,312308
47.59015,316075
47.59705,322443
47.60395,320426
47.61085,317409
47.61773,319625
47.62463,320037
47.63153,321849
47.63843,320006
47.64532,321962
47.65222,319415
47.65912,323615
47.66600,320014
47.67290,314144
47.67980,320479
47.68670,318167
47.69358,313508
47.70048,315877
47.70738,322403
47.71427,320974
47.72117,322386
47.72807,321046
47.73497,319704
47.74185,319602
47.74875,321561
47.75565,320414
47.76255,315919
47.76943,318123
47.77633,319486
47.78323,323945
47.79012,327656
47.79702,330639
47.80392,331589
47.81082,330781
47.81770,334083
47.82460,335768
47.83150,332471
47.83838,331775
47.84528,334481
47.85218,336069
47.85908,334718
47.86597,335500
47.87287,331122
47.87977,331211
47.88667,336587
47.89355,350572
47.90045,370407
47.90735,386524
47.91423,411450
47.92113,441280
47.92803,460930
47.93493,496393
47.94182,514645
47.94872,505368
47.95562,502308
47.96252,478874
47.96940,452724
47.97630,430678
47.98320,415117
47.99008,402998
47.99698,394564
48.00388,382631
48.01078,385198
48.01767,376881
48.02457,381471
48.03147,377475
48.03835,375789
48.04525,375825
48.05215,371645
48.05905,371332
48.06593,370367
48.07283,367049
48.07973,372506
48.08663,370940
48.09352,365066
48.10042,365878
48.10732,367119
48.11420,362243
48.12110,365624
48.12800,363579
48.13490,359491
48.14178,358801
48.14868,365738
48.15558,363623
48.16248,365121
48.16937,361016
48.17627,361236
48.18317,365218
48.19005,365646
48.19695,365357
48.20385,366672
48.21075,365256
48.21763,363280
48.22453,358749
48.23143,364741
48.23832,363968
48.24522,366470
48.25212,367687
48.25902,368224
48.26590,366598
48.27280,370685
48.27970,360406
48.28660,367532
48.29348,368385
48.30038,368443
48.30728,365360
48.31417,371150
48.32107,364319
48.32797,369598
48.33487,373813
48.34175,369336
48.34865,372639
48.35555,373658
48.36245,374220
48.36933,383612
48.37623,397256
48.38313,429973
48.39002,465247
48.39692,511722
48.40382,576594
48.41072,648668
48.41760,698539
48.42450,750512
48.43140,753882
48.43828,728697
48.44518,680354
48.45208,631102
48.45898,580506
48.46587,534000
48.47277,496038
48.47967,475125
48.48657,465667
48.49345,447541
48.50035,444744
48.50725,442500
48.51413,444542
48.52103,443676
48.52793,443680
48.53483,449324
48.54172,445348
48.54862,440955
48.55552,437550
48.56240,429288
48.56930,431379
48.57620,426125
48.58310,418407
48.58998,422657
48.59688,424750
48.60378,414720
48.61068,415800
48.61757,423399
48.62447,417534
48.63137,415295
48.63825,416935
48.64515,420494
48.65205,413174
48.65895,416709
48.66583,419012
48.67273,416736
48.67963,419227
48.68653,421637
48.69342,417415
48.70032,423525
48.70722,418947
48.71410,420181
48.72100,422947
48.72790,424079
48.73480,428140
48.74168,430651
48.74858,436673
48.75548,435519
48.76237,434127
48.76927,428277
48.77617,436534
48.78307,435126
48.78995,431347
48.79685,428959
48.80375,432153
48.81065,441417
48.81753,439003
48.82443,432077
48.83133,441801
48.83822,434822
48.84512,437666
48.85202,435593
48.85892,434892
48.86580,435565
48.87270,433903
48.87960,430480
48.88650,429778
48.89338,432236
48.90028,437189
48.90718,436588
48.91407,431579
48.92097,430880
48.92787,427599
48.93477,430681
48.94165,427706
48.94855,433177
48.95545,434047
48.96233,428582
48.96923,435177
48.97613,437640
48.98303,440414
48.98992,437786
48.99682,436301
49.00372,444130
49.01062,445953
49.01750,441876
49.02440,438952
49.03130,443305
49.03818,445537
49.04508,448954
49.05198,451329
49.05888,442824
49.06577,450532
49.07267,449818
49.07957,445559
49.08647,445966
49.09335,443247
49.10025,444905
49.10715,439924
49.11403,439891
49.12093,443368
49.12783,441429
49.13473,442478
49.14162,439049
49.14852,439824
49.15542,438364
49.16230,439662
49.16920,439484
49.17610,448180
49.18300,443977
49.18988,448187
49.19678,444452
49.20368,443463
49.21058,444560
49.21747,442664
49.22437,440895
49.23127,446116
49.23815,442479
49.24505,436462
49.25195,446550
49.25885,438920
49.26573,439316
49.27263,442518
49.27953,442240
49.28643,440139
49.29332,437069
49.30022,434506
49.30712,445998
49.31400,439454
49.32090,441970
49.32780,444598
49.33470,438562
49.34158,443540
49.34848,438869
49.35538,449498
49.36227,449955
49.36917,446880
49.37607,451350
49.38297,444618
49.38985,442595
49.39675,443861
49.40365,448503
49.41055,444510
49.41743,446144
49.42433,444947
49.43123,443468
49.43812,447437
49.44502,443503
49.45192,445668
49.45882,452732
49.46570,447716
49.47260,455020
49.47950,443665
49.48638,446020
49.49328,449662
49.50018,451061
49.50708,450689
49.51397,449243
49.52087,443992
49.52777,447843
49.53467,441550
49.54155,448868
49.54845,451545
49.55535,447825
49.56223,454270
49.56913,450091
49.57603,451024
49.58293,453717
49.58982,451105
49.59672,449375
49.60362,455928
49.61052,452735
49.61740,450014
49.62430,450051
49.63120,454214
49.63808,458455
49.64498,460224
49.65188,454662
49.65878,450764
49.66567,452688
49.67257,452747
49.67947,452024
49.68635,455376
49.69325,448560
49.70015,453684
49.70705,461442
49.71393,442342
49.72083,457050
49.72773,455891
49.73463,459579
49.74152,457573
49.74842,452990
49.75532,449988
49.76220,450906
49.76910,451756
49.77600,449612
49.78290,459692
49.78978,453900
49.79668,454327
49.80358,453328
49.81048,449525
49.81737,454124
49.82427,455497
49.83117,458623
49.83805,450548
49.84495,452535
49.85185,458253
49.85875,456477
49.86563,457403
49.87253,450347
49.87943,458510
49.88632,453836
49.89322,459467
49.90012,450907
49.90702,453987
49.91390,460353
49.92080,459042
49.92770,455017
49.93460,453933
49.94148,456541
49.94838,455023
49.95528,455334
49.96217,455932
49.96907,462781
49.97597,458306
49.98287,460863
49.98975,459101
49.99665,462771
50.00355,460416
50.01045,454278
50.01733,456024
50.02423,459576
50.03113,454710
50.03802,456324
50.04492,457559
50.05182,456016
50.05872,463290
50.06560,464186
50.07250,464214
50.07940,461346
50.08628,462080
50.09318,461644
50.10008,462831
50.10698,462948
50.11387,460723
50.12077,459376
50.12767,463492
50.13457,456983
50.14145,459907
50.14835,461987
50.15525,465342
50.16213,458764
50.16903,466072
50.17593,459374
50.18283,468498
50.18972,475235
50.19662,483948
50.20352,483991
50.21042,488691
50.21730,497371
50.22420,510517
50.23110,519179
50.23798,533776
50.24488,540171
50.25178,535131
50.25868,532055
50.26557,524783
50.27247,512198
50.27937,508801
50.28625,503128
50.29315,498413
50.30005,488359
50.30695,483306
50.31383,483170
50.32073,475712
50.32763,481490
50.33453,480187
50.34142,480187
50.34832,479159
50.35522,475483
50.36210,483351
50.36900,476829
50.37590,475008
50.38280,483782
50.38968,482535
50.39658,485194
50.40348,491690
50.41038,494902
50.41727,506209
50.42417,507544
50.43107,510600
50.43795,508788
50.44485,502736
50.45175,507915
50.45865,507042
50.46553,507080
50.47243,498822
50.47933,501812
50.48622,494728
50.49312,495171
50.50002,504403
50.50692,506600
50.51380,505947
50.52070,520544
50.52760,541718
50.53450,572777
50.54138,622858
50.54828,679970
50.55518,737845
50.56207,799070
50.56897,873580
50.57587,904328
50.58277,941196
50.58965,936540
50.59655,919229
50.60345,881825
50.61033,835395
50.61723,791666
50.62413,742422
50.63103,697984
50.63792,648099
50.64482,623740
50.65172,601045
50.65862,586477
50.66550,573770
50.67240,563868
50.67930,557590
50.68618,547004
50.69308,541928
50.69998,533403
50.70688,534310
50.71377,523808
50.72067,528508
50.72757,518627
50.73447,520005
50.74135,521264
50.74825,512264
50.75515,516935
50.76203,517834
50.76893,512182
50.77583,509417
50.78273,509998
50.78962,516969
50.79652,512844
50.80342,506294
50.81030,507334
50.81720,508764
50.82410,503408
50.83100,505525
50.83788,504066
50.84478,495609
50.85168,502108
50.85858,508835
50.86547,499704
50.87237,502692
50.87927,504676
50.88615,501245
50.89305,505934
50.89995,496835
50.90685,509007
50.91373,500919
50.92063,500783
50.92753,506162
50.93443,507824
50.94132,504742
50.94822,504791
50.95512,498236
50.96200,506411
50.96890,500720
50.97580,512195
50.98270,501337
50.98958,497862
50.99648,506561
51.00338,499305
51.01027,501029
51.01717,505927
51.02407,501541
51.03097,499460
51.03785,506347
51.04475,501587
51.05165,503784
51.05855,506871
51.06543,504202
51.07233,501252
51.07923,505213
51.08612,502798
51.09302,499835
51.09992,498472
51.10682,499792
51.11370,501665
51.12060,501406
51.12750,503784
51.13440,499769
51.14128,500422
51.14818,496581
51.15508,505313
51.16197,498281
51.16887,499826
51.17577,506072
51.18267,502438
51.18955,501983
51.19645,501520
51.20335,498160
51.21023,496705
51.21713,503412
51.22403,503284
51.23093,501639
51.23782,502966
51.24472,504460
51.25162,498446
51.25852,502982
51.26540,502091
51.27230,503049
51.27920,504980
51.28608,503914
51.29298,498997
51.29988,504787
51.30678,504364
51.31367,507557
51.32057,508926
51.32747,503523
51.33435,500845
51.34125,508533
51.34815,514323
51.35505,506035
51.36193,505886
51.36883,502838
51.37573,503246
51.38263,501122
51.38952,503575
51.39642,510805
51.40332,508241
51.41020,508900
51.41710,504246
51.42400,508017
51.43090,508343
51.43778,508088
51.44468,505469
51.45158,508346
51.45848,512757
51.46537,508569
51.47227,507810
51.47917,508934
51.48605,509559
51.49295,510957
51.49985,515956
51.50675,514492
51.51363,508865
51.52053,511657
51.52743,508560
51.53432,512433
51.54122,507599
51.54812,510343
51.55502,508944
51.56190,511526
51.56880,511706
51.57570,504052
51.58260,502322
51.58948,505233
51.59638,497590
51.60328,504769
51.61017,496543
51.61707,501648
51.62397,506258
51.63087,504896
51.63775,502711
51.64465,501557
51.65155,508497
51.65845,498607
51.66533,500288
51.67223,500946
51.67913,501733
51.68602,506354
51.69292,500215
51.69982,497038
51.70672,502588
51.71360,496339
51.72050,502860
51.72740,497245
51.73428,501820
51.74118,501416
51.74808,497129
51.75498,495089
51.76187,494154
51.76877,496674
51.77567,498869
51.78257,496150
51.78945,496381
51.79635,499827
51.80325,497762
51.81013,496166
51.81703,498335
51.82393,490759
51.83083,499635
51.83772,500040
51.84462,498173
51.85152,498964
51.85842,499654
51.86530,492839
51.87220,494686
51.87910,495722
51.88598,496749
51.89288,493978
51.89978,502112
51.90668,494937
51.91357,498495
51.92047,498765
51.92737,495031
51.93425,496182
51.94115,499967
51.94805,499876
51.95495,504722
51.96183,497436
51.96873,496514
51.97563,497456
51.98253,503688
51.98942,503142
51.99632,493464
52.00322,496764
52.01010,503400
52.01700,497897
52.02390,501633
52.03080,502201
52.03768,502676
52.04458,501469
52.05148,496150
52.05837,493452
52.06527,498785
52.07217,496995
52.07907,503132
52.08595,501674
52.09285,496968
52.09975,504550
52.10665,506730
52.11353,504009
52.12043,502638
52.12733,506608
52.13422,503074
52.14112,494011
52.14802,499858
52.15492,498079
52.16180,498170
52.16870,506581
52.17560,499328
52.18250,503755
52.18938,497002
52.19628,504246
52.20318,498230
52.21007,501678
52.21697,498076
52.22387,498709
52.23077,498972
52.23765,504766
52.24455,495172
52.25145,501485
52.25833,498742
52.26523,502178
52.27213,496767
52.27903,496697
52.28592,494137
52.29282,498229
52.29972,496733
52.30662,497668
52.31350,497310
52.32040,496827
52.32730,490231
52.33418,495614
52.34108,501541
52.34798,500670
52.35488,504603
52.36177,506247
52.36867,505415
52.37557,513134
52.38247,518722
52.38935,517816
52.39625,525906
52.40315,519793
52.41003,520521
52.41693,528130
52.42383,526536
52.43073,518486
52.43762,512905
52.44452,508071
52.45142,509797
52.45830,508486
52.46520,500792
52.47210,497843
52.47900,499285
52.48588,504751
52.49278,499300
52.49968,503109
52.50658,499316
52.51347,501887
52.52037,494802
52.52727,496099
52.53415,501716
52.54105,493667
52.54795,493967
52.55485,498708
52.56173,502110
52.56863,500764
52.57553,495025
52.58243,498089
52.58932,495178
52.59622,499739
52.60312,498533
52.61000,504673
52.61690,498543
52.62380,497723
52.63070,494611
52.63758,493152
52.64448,501588
52.65138,501468
52.65827,503834
52.66517,495726
52.67207,500798
52.67897,501697
52.68585,496969
52.69275,505089
52.69965,505840
52.70655,501955
52.71343,500004
52.72033,493453
52.72723,500875
52.73412,499969
52.74102,496326
52.74792,507285
52.75482,498065
52.76170,499253
52.76860,500302
52.77550,497187
52.78240,502051
52.78928,490163
52.79618,501637
52.80308,500347
52.80997,501168
52.81687,495360
52.82377,501586
52.83067,491336
52.83755,499191
52.84445,499549
52.85135,497958
52.85823,498084
52.86513,501725
52.87203,497567
52.87893,495387
52.88582,493834
52.89272,496574
52.89962,494917
52.90652,500230
52.91340,492805
52.92030,492303
52.92720,496942
52.93408,489237
52.94098,495355
52.94788,493066
52.95478,493013
52.96167,497211
52.96857,496481
52.97547,497713
52.98237,497030
52.98925,495962
52.99615,494004
53.00305,489568
53.00993,500608
53.01683,493411
53.02373,497130
53.03063,491497
53.03752,496862
53.04442,493429
53.05132,492644
53.05820,497512
53.06510,490593
53.07200,499959
53.07890,496771
53.08578,490254
53.09268,495229
53.09958,488084
53.10648,500639
53.11337,490857
53.12027,494201
53.12717,490566
53.13405,488484
53.14095,489036
53.14785,498269
53.15475,497111
53.16163,495562
53.16853,495938
53.17543,502442
53.18233,509779
53.18922,503990
53.19612,506011
53.20302,509908
53.20990,518581
53.21680,511968
53.22370,516440
53.23060,514026
53.23748,504581
53.24438,510873
53.25128,510705
53.25817,508504
53.26507,501968
53.27197,506376
53.27887,502460
53.28575,503357
53.29265,494994
53.29955,503051
53.30645,497281
53.31333,489541
53.32023,494754
53.32713,499678
53.33402,491086
53.34092,485394
53.34782,492886
53.35472,493218
53.36160,491583
53.36850,490001
53.37540,491195
53.38228,495563
53.38918,488471
53.39608,493734
53.40298,486281
53.40987,492131
53.41677,489334
53.42367,490550
53.43057,491391
53.43745,489860
53.44435,487300
53.45125,487433
53.45813,487418
53.46503,487164
53.47193,499187
53.47883,482163
53.48572,490118
53.49262,489343
53.49952,485271
53.50642,486366
53.51330,490937
53.52020,496280
53.52710,484476
53.53398,486765
53.54088,488805
53.54778,484168
53.55468,480900
53.56157,485790
53.56847,485848
53.57537,486240
53.58225,484581
53.58915,482764
53.59605,483814
53.60295,484932
53.60983,491655
53.61673,486155
53.62363,480512
53.63053,486278
53.63742,483480
53.64432,487500
53.65122,479874
53.65810,486386
53.66500,488988
53.67190,483785
53.67880,484449
53.68568,484007
53.69258,485992
53.69948,485585
53.70638,482433
53.71327,488259
53.72017,486289
53.72707,481787
53.73395,487070
53.74085,486911
53.74775,487139
53.75465,484761
53.76153,490431
53.76843,482876
53.77533,480973
53.78222,480817
53.78912,481592
53.79602,487392
53.80292,477494
53.80980,478099
53.81670,488158
53.82360,486122
53.83050,475777
53.83738,483953
53.84428,480737
53.85118,480209
53.85807,477669
53.86497,480615
53.87187,479391
53.87877,488661
53.88565,486809
53.89255,483481
53.89945,479159
53.90635,478809
53.91323,479147
53.92013,480932
53.92703,478399
53.93392,480338
53.94082,481773
53.94772,484460
53.95462,484969
53.96150,480259
53.96840,480289
53.97530,486563
53.98218,484233
53.98908,487319
53.99598,472424
54.00288,482146
54.00977,481281
54.01667,470019
54.02357,482418
54.03047,479144
54.03735,484617
54.04425,480182
54.05115,485371
54.05803,478991
54.06493,476392
54.07183,482084
54.07873,476835
54.08562,484822
54.09252,477912
54.09942,481735
54.10630,481539
54.11320,483326
54.12010,481926
54.12700,476053
54.13388,487958
54.14078,480471
54.14768,476861
54.15458,480490
54.16147,476417
54.16837,487167
54.17527,488722
54.18215,488240
54.18905,479083
54.19595,476588
54.20285,476953
54.20973,484428
54.21663,483152
54.22353,484403
54.23043,472005
54.23732,482134
54.24422,472200
54.25112,478005
54.25800,480621
54.26490,476998
54.27180,484004
54.27870,481106
54.28558,476956
54.29248,485233
54.29938,480835
54.30627,481629
54.31317,477854
54.32007,482452
54.32697,479623
54.33385,482249
54.34075,478990
54.34765,481807
54.35455,484881
54.36143,483278
54.36833,482647
54.37523,477839
54.38212,483757
54.38902,486758
54.39592,476966
54.40282,481420
54.40970,479091
54.41660,482220
54.42350,487160
54.43040,486238
54.43728,479371
54.44418,479712
54.45108,482573
54.45797,484323
54.46487,483065
54.47177,489347
54.47867,478049
54.48555,486156
54.49245,486138
54.49935,480192
54.50623,482828
54.51313,483239
54.52003,479286
54.52693,485298
54.53382,477181
54.54072,481286
54.54762,482063
54.55452,480745
54.56140,477787
54.56830,477477
54.57520,481509
54.58208,489651
54.58898,479584
54.59588,478437
54.60278,475149
54.60967,474786
54.61657,487371
54.62347,480057
54.63037,476173
54.63725,478400
54.64415,487958
54.65105,488346
54.65793,481931
54.66483,479910
54.67173,484141
54.67863,490188
54.68552,484066
54.69242,487049
54.69932,486716
54.70620,485516
54.71310,478569
54.72000,483689
54.72690,488092
54.73378,480818
54.74068,484630
54.74758,483480
54.75448,482374
54.76137,482198
54.76827,487947
54.77517,486401
54.78205,478480
54.78895,477226
54.79585,481359
54.80275,484303
54.80963,479099
54.81653,483140
54.82343,486596
54.83032,478560
54.83722,481901
54.84412,480057
54.85102,486153
54.85790,478434
54.86480,480410
54.87170,479282
54.87860,482997
54.88548,488858
54.89238,483189
54.89928,480459
54.90617,481732
54.91307,483307
54.91997,485902
54.92687,483506
54.93375,487865
54.94065,487105
54.94755,482096
54.95445,480976
54.96133,475288
54.96823,485236
54.97513,481147
54.98202,475813
54.98892,485741
54.99582,484377
55.00272,485366
55.00960,481375
55.01650,485281
55.02340,482738
55.03028,478448
55.03718,477832
55.04408,477948
55.05098,480193
55.05787,480065
55.06477,480756
55.07167,480631
55.07857,485305
55.08545,475278
55.09235,476174
55.09925,481588
55.10613,475544
55.11303,481963
55.11993,481148
55.12683,480806
55.13372,481708
55.14062,483335
55.14752,479123
55.15442,481762
55.16130,476510
55.16820,479569
55.17510,484383
55.18198,475076
55.18888,486978
55.19578,479919
55.20268,484559
55.20957,479570
55.21647,481864
55.22337,491278
55.23025,481574
55.23715,480539
55.24405,480361
55.25095,475441
55.25783,477409
55.26473,486189
55.27163,480172
55.27853,482608
55.28542,476717
55.29232,479084
55.29922,484718
55.30610,481086
55.31300,476857
55.31990,480575
55.32680,488141
55.33368,480798
55.34058,478038
55.34748,476463
55.35438,474533
55.36127,471538
55.36817,482058
55.37507,476218
55.38195,479944
55.38885,480138
55.39575,476948
55.40265,472388
55.40953,478304
55.41643,483246
55.42333,474994
55.43022,475937
55.43712,479424
55.44402,481787
55.45092,471450
55.45780,479874
55.46470,477119
55.47160,479042
55.47850,473058
55.48538,480517
55.49228,479878
55.49918,476968
55.50607,483252
55.51297,477089
55.51987,483405
55.52677,486807
55.53365,478900
55.54055,481530
55.54745,480222
55.55435,479801
55.56123,478980
55.56813,480707
55.57503,479122
55.58192,474373
55.58882,478478
55.59572,474863
55.60262,473973
55.60950,480570
55.61640,481688
55.62330,471922
55.63018,477213
55.63708,481227
55.64398,477186
55.65088,480522
55.65777,478766
55.66467,481872
55.67157,476929
55.67847,475785
55.68535,475777
55.69225,484563
55.69915,477121
55.70603,477053
55.71293,477057
55.71983,477568
55.72673,481402
55.73362,477165
55.74052,479050
55.74742,489205
55.75430,471485
55.76120,485039
55.76810,478365
55.77500,480938
55.78188,484250
55.78878,483876
55.79568,481295
55.80258,480297
55.80947,487441
55.81637,484110
55.82327,486581
55.83015,491358
55.83705,493217
55.84395,494690
55.85085,495773
55.85773,497195
55.86463,499540
55.87153,499111
55.87843,504880
55.88532,504315
55.89222,505712
55.89912,503997
55.90600,509554
55.91290,503910
55.91980,496049
55.92670,498322
55.93358,501247
55.94048,492671
55.94738,494134
55.95427,486567
55.96117,489952
55.96807,485170
55.97497,485484
55.98185,477791
55.98875,487388
55.99565,487436
56.00255,482195
56.00943,480276
56.01633,477025
56.02323,483444
56.03012,481885
56.03702,481121
56.04392,483449
56.05082,478101
56.05770,479575
56.06460,478731
56.07150,486082
56.07840,480347
56.08528,478082
56.09218,481097
56.09908,478624
56.10597,477881
56.11287,470242
56.11977,477842
56.12667,476252
56.13355,473077
56.14045,473821
56.14735,481099
56.15423,481961
56.16113,480047
56.16803,476940
56.17493,481730
56.18182,481772
56.18872,480601
56.19562,486283
56.20252,490050
56.20940,491844
56.21630,491819
56.22320,491476
56.23008,500461
56.23698,498780
56.24388,504237
56.25078,498702
56.25767,504251
56.26457,503729
56.27147,499344
56.27837,497748
56.28525,500147
56.29215,504477
56.29905,496592
56.30593,500836
56.31283,498109
56.31973,503079
56.32663,499607
56.33352,498123
56.34042,494344
56.34732,493580
56.35420,490512
56.36110,488243
56.36800,492733
56.37490,500960
56.38178,487799
56.38868,497574
56.39558,503553
56.40248,498070
56.40937,502966
56.41627,495520
56.42317,501094
56.43005,506165
56.43695,496880
56.44385,509090
56.45075,514030
56.45763,511372
56.46453,515038
56.47143,516074
56.47833,518882
56.48522,522024
56.49212,519544
56.49902,525182
56.50590,520002
56.51280,523441
56.51970,525792
56.52660,524758
56.53348,522407
56.54038,524966
56.54728,529919
56.55417,538020
56.56107,535573
56.56797,541795
56.57487,538998
56.58175,533184
56.58865,528548
56.59555,536346
56.60245,536084
56.60933,531751
56.61623,531804
56.62313,531563
56.63002,525941
56.63692,523956
56.64382,528215
56.65072,524465
56.65760,526071
56.66450,520425
56.67140,523651
56.67830,513082
56.68518,519296
56.69208,516709
56.69898,520806
56.70587,518210
56.71277,512047
56.71967,512742
56.72657,505417
56.73345,508611
56.74035,507172
56.74725,512960
56.75413,498386
56.76103,506160
56.76793,506086
56.77483,514498
56.78172,506676
56.78862,513419
56.79552,508391
56.80242,510129
56.80930,512795
56.81620,507769
56.82310,510909
56.82998,506644
56.83688,510093
56.84378,503941
56.85068,503928
56.85757,504751
56.86447,494812
56.87137,492432
56.87825,493078
56.88515,496929
56.89205,489724
56.89895,485579
56.90583,491519
56.91273,489412
56.91963,496274
56.92653,479868
56.93342,480262
56.94032,479257
56.94722,484550
56.95410,482301
56.96100,477907
56.96790,485527
56.97480,481212
56.98168,480019
56.98858,483554
56.99548,474039
57.00238,477991
57.00927,475725
57.01617,476865
57.02307,477247
57.02995,478564
57.03685,484604
57.04375,483399
57.05065,476834
57.05753,478961
57.06443,486474
57.07133,480771
57.07822,482091
57.08512,476967
57.09202,470955
57.09892,478891
57.10580,480588
57.11270,475920
57.11960,476988
57.12650,480363
57.13338,472989
57.14028,477164
57.14718,480005
57.15407,471681
57.16097,473481
57.16787,475576
57.17477,472073
57.18165,476524
57.18855,481562
57.19545,467358
57.20235,480993
57.20923,475138
57.21613,472600
57.22303,475964
57.22992,475327
57.23682,473948
57.24372,477793
57.25062,474154
57.25750,472192
57.26440,476105
57.27130,471616
57.27818,471148
57.28508,475961
57.29198,480965
57.29888,477750
57.30577,475246
57.31267,471686
57.31957,473177
57.32647,475978
57.33335,471738
57.34025,473554
57.34715,472984
57.35403,471452
57.36093,483376
57.36783,478452
57.37473,475593
57.38162,477272
57.38852,475230
57.39542,471852
57.40232,476350
57.40920,481117
57.41610,476417
57.42300,479100
57.42988,475967
57.43678,481730
57.44368,478402
57.45058,478129
57.45747,474705
57.46437,470550
57.47127,471512
57.47815,476966
57.48505,477298
57.49195,474993
57.49885,470433
57.50573,478990
57.51263,473944
57.51953,474275
57.52643,473156
57.53332,478181
57.54022,470396
57.54712,463698
57.55400,472699
57.56090,465233
57.56780,467884
57.57470,470795
57.58158,476068
57.58848,469264
57.59538,472408
57.60227,466752
57.60917,472427
57.61607,469042
57.62297,474184
57.62985,470570
57.63675,474584
57.64365,470172
57.65055,475080
57.65743,469943
57.66433,464829
57.67123,467933
57.67812,468742
57.68502,468881
57.69192,465723
57.69882,472989
57.70570,475876
57.71260,470680
57.71950,471985
57.72640,467647
57.73328,472640
57.74018,473604
57.74708,470987
57.75397,471519
57.76087,474732
57.76777,468911
57.77467,462779
57.78155,472887
57.78845,466619
57.79535,468326
57.80223,470409
57.80913,467382
57.81603,471844
57.82293,471471
57.82982,471302
57.83672,475107
57.84362,465394
57.85052,469697
57.85740,467961
57.86430,468245
57.87120,461883
57.87808,469119
57.88498,477606
57.89188,469460
57.89878,464822
57.90567,467657
57.91257,468433
57.91947,468971
57.92637,476743
57.93325,467014
57.94015,472891
57.94705,471560
57.95393,468472
57.96083,466579
57.96773,474475
57.97463,470949
57.98152,463959
57.98842,469171
57.99532,464680
58.00220,471289
58.00910,465578
58.01600,469445
58.02290,466759
58.02978,469040
58.03668,465110
58.04358,466601
58.05048,466685
58.05737,464227
58.06427,460515
58.07117,463172
58.07805,469438
58.08495,467024
58.09185,460992
58.09875,466228
58.10563,468728
58.11253,465594
58.11943,470124
58.12633,465386
58.13322,467333
58.14012,464473
58.14702,469268
58.15390,468583
58.16080,469907
58.16770,471078
58.17460,457874
58.18148,466594
58.18838,469841
58.19528,465826
58.20217,465789
58.20907,468391
58.21597,461908
58.22287,467928
58.22975,469410
58.23665,465465
58.24355,467311
58.25045,462186
58.25733,467249
58.26423,466216
58.27113,465497
58.27802,463295
58.28492,465607
58.29182,465360
58.29872,465790
58.30560,472263
58.31250,471962
58.31940,464983
58.32628,467646
58.33318,460909
58.34008,460266
58.34698,466093
58.35387,460405
58.36077,462698
58.36767,466467
58.37457,462668
58.38145,465169
58.38835,465183
58.39525,464428
58.40213,463972
58.40903,458997
58.41593,463275
58.42283,466637
58.42972,462353
58.43662,460059
58.44352,468864
58.45042,463640
58.45730,463276
58.46420,466498
58.47110,459387
58.47798,458091
58.48488,459998
58.49178,462413
58.49868,461626
58.50557,465733
58.51247,466272
58.51937,463416
58.52625,461081
58.53315,462347
58.54005,467991
58.54695,466412
58.55383,466093
58.56073,467150
58.56763,463833
58.57453,460470
58.58142,466065
58.58832,462842
58.59522,465039
58.60210,461849
58.60900,465654
58.61590,460112
58.62280,468235
58.62968,468298
58.63658,459292
58.64348,464178
58.65038,463030
58.65727,467422
58.66417,461690
58.67107,461140
58.67795,460983
58.68485,462157
58.69175,465748
58.69865,459846
58.70553,463072
58.71243,461580
58.71933,455248
58.72622,460488
58.73312,466024
58.74002,468769
58.74692,462660
58.75380,458388
58.76070,464912
58.76760,456312
58.77450,466680
58.78138,461412
58.78828,460840
58.79518,466671
58.80207,463385
58.80897,460252
58.81587,461861
58.82277,457724
58.82965,463159
58.83655,457840
58.84345,462838
58.85035,465021
58.85723,457848
58.86413,456540
58.87103,461425
58.87792,460341
58.88482,461671
58.89172,465370
58.89862,458927
58.90550,456670
58.91240,460289
58.91930,462515
58.92618,456136
58.93308,462912
58.93998,454965
58.94688,455552
58.95377,468002
58.96067,456832
58.96757,457439
58.97447,466139
58.98135,461632
58.98825,456956
