D:\MASSHUNTER\GCMS\1\DATA\DR_Sv_0043_1.D Sun Sep 25 08:36:46 2022
Start of data points
4.09417	22904
4.10107	19788
4.10797	21961
4.11485	18373
4.12175	17913
4.12865	18216
4.13555	18283
4.14243	19868
4.14933	17990
4.15623	18326
4.16312	18666
4.17002	18019
4.17692	19596
4.18382	17322
4.19070	18100
4.19760	18353
4.20450	17112
4.21140	16524
4.21828	17195
4.22518	16928
4.23208	15272
4.23897	15519
4.24587	16125
4.25277	16168
4.25967	16342
4.26655	16172
4.27345	15164
4.28035	15828
4.28725	15497
4.29413	16123
4.30103	16424
4.30793	16600
4.31482	16948
4.32172	17714
4.32862	15178
4.33552	16331
4.34240	16372
4.34930	16423
4.35620	15091
4.36308	17085
4.36998	16006
4.37688	16208
4.38378	16300
4.39067	15345
4.39757	14803
4.40447	16585
4.41137	15956
4.41825	16333
4.42515	14987
4.43205	16417
4.43893	13913
4.44583	15285
4.45273	16013
4.45963	15785
4.46652	15612
4.47342	16559
4.48032	16390
4.48722	15843
4.49410	16212
4.50100	17530
4.50790	16521
4.51478	14614
4.52168	15209
4.52858	14448
4.53548	15467
4.54237	15563
4.54927	15954
4.55617	16035
4.56305	16382
4.56995	15429
4.57685	14740
4.58375	15873
4.59063	15407
4.59753	14898
4.60443	15196
4.61133	14931
4.61822	15581
4.62512	15152
4.63202	15157
4.63890	14522
4.64580	15427
4.65270	15673
4.65960	16660
4.66648	14559
4.67338	16509
4.68028	16515
4.68717	17681
4.69407	16748
4.70097	17064
4.70787	16770
4.71475	19215
4.72165	19294
4.72855	18761
4.73545	17908
4.74233	18960
4.74923	18536
4.75613	19449
4.76302	21360
4.76992	22620
4.77682	22764
4.78372	22972
4.79060	24444
4.79750	25760
4.80440	29370
4.81130	30871
4.81818	32966
4.82508	34232
4.83198	35331
4.83887	36453
4.84577	36623
4.85267	35100
4.85957	36586
4.86645	37144
4.87335	38658
4.88025	42714
4.88713	44158
4.89403	46778
4.90093	50525
4.90783	52248
4.91472	48277
4.92162	48640
4.92852	49536
4.93542	47917
4.94230	44769
4.94920	44354
4.95610	41863
4.96298	42019
4.96988	40929
4.97678	38096
4.98368	39891
4.99057	38780
4.99747	37237
5.00437	36063
5.01127	33706
5.01815	32860
5.02505	31106
5.03195	31588
5.03883	29720
5.04573	29011
5.05263	29118
5.05953	29747
5.06642	29074
5.07332	26644
5.08022	28199
5.08710	26984
5.09400	27340
5.10090	27199
5.10780	28408
5.11468	28037
5.12158	28647
5.12848	27097
5.13538	26637
5.14227	27030
5.14917	27469
5.15607	25153
5.16295	24701
5.16985	23516
5.17675	26012
5.18365	24188
5.19053	22109
5.19743	21115
5.20433	19981
5.21123	19279
5.21812	19947
5.22502	19314
5.23192	18188
5.23880	19103
5.24570	17272
5.25260	16146
5.25950	17567
5.26638	16227
5.27328	16423
5.28018	16545
5.28707	17172
5.29397	16625
5.30087	16260
5.30777	14887
5.31465	16386
5.32155	14836
5.32845	15513
5.33535	14549
5.34223	13401
5.34913	13830
5.35603	12993
5.36292	13161
5.36982	13215
5.37672	13446
5.38362	12765
5.39050	11966
5.39740	13765
5.40430	14430
5.41118	13219
5.41808	13492
5.42498	12779
5.43188	14739
5.43877	13271
5.44567	13593
5.45257	14211
5.45947	13866
5.46635	14720
5.47325	13616
5.48015	13196
5.48703	13193
5.49393	13383
5.50083	14119
5.50773	14883
5.51462	14967
5.52152	14786
5.52842	13805
5.53532	13821
5.54220	12405
5.54910	13068
5.55600	12813
5.56288	12511
5.56978	12975
5.57668	13379
5.58358	11831
5.59047	12712
5.59737	11778
5.60427	13027
5.61115	11667
5.61805	12045
5.62495	12782
5.63185	13225
5.63873	13328
5.64563	13248
5.65253	12486
5.65943	12784
5.66632	14009
5.67322	14016
5.68012	12293
5.68700	12817
5.69390	12548
5.70080	12877
5.70770	12952
5.71458	12495
5.72148	13342
5.72838	12519
5.73528	12552
5.74217	11950
5.74907	13604
5.75597	12677
5.76285	11453
5.76975	12308
5.77665	11805
5.78355	10872
5.79043	14025
5.79733	11129
5.80423	11837
5.81112	11855
5.81802	11591
5.82492	11772
5.83182	11039
5.83870	12048
5.84560	10956
5.85250	11805
5.85940	10896
5.86628	11544
5.87318	11997
5.88008	10372
5.88697	12732
5.89387	11234
5.90077	10277
5.90767	10724
5.91455	12299
5.92145	10217
5.92835	10663
5.93525	11418
5.94213	11244
5.94903	10562
5.95593	11660
5.96282	11348
5.96972	10402
5.97662	12042
5.98352	12218
5.99040	11180
5.99730	11516
6.00420	11267
6.01108	10998
6.01798	11056
6.02488	11106
6.03178	11030
6.03867	12644
6.04557	11319
6.05247	11019
6.05937	11953
6.06625	12129
6.07315	11222
6.08005	11984
6.08693	11154
6.09383	10989
6.10073	11201
6.10763	11183
6.11452	11251
6.12142	11113
6.12832	11696
6.13520	12049
6.14210	12163
6.14900	10454
6.15590	10981
6.16278	11576
6.16968	12039
6.17658	10846
6.18348	10492
6.19037	10672
6.19727	10562
6.20417	11879
6.21105	10563
6.21795	10574
6.22485	10366
6.23175	9518
6.23863	9670
6.24553	11027
6.25243	10366
6.25933	10641
6.26622	10006
6.27312	10063
6.28002	10045
6.28690	10076
6.29380	10459
6.30070	9765
6.30760	10635
6.31448	10955
6.32138	10232
6.32828	12691
6.33517	18557
6.34207	34971
6.34897	53577
6.35587	74576
6.36275	91753
6.36965	101875
6.37655	106296
6.38345	105270
6.39033	101653
6.39723	97292
6.40413	95377
6.41102	89398
6.41792	84998
6.42482	78904
6.43172	76210
6.43860	71810
6.44550	66636
6.45240	65884
6.45930	57981
6.46618	56187
6.47308	55238
6.47998	51744
6.48687	48698
6.49377	46687
6.50067	42985
6.50757	40869
6.51445	38341
6.52135	36996
6.52825	34396
6.53513	32521
6.54203	32421
6.54893	30683
6.55583	28748
6.56272	28649
6.56962	26147
6.57652	25876
6.58342	24171
6.59030	25988
6.59720	22660
6.60410	21685
6.61098	22247
6.61788	21568
6.62478	20851
6.63168	19535
6.63857	20056
6.64547	19042
6.65237	18028
6.65927	17563
6.66615	16932
6.67305	17194
6.67995	16751
6.68683	15405
6.69373	14976
6.70063	14083
6.70753	15000
6.71442	12658
6.72132	13197
6.72822	13946
6.73510	12722
6.74200	11476
6.74890	12560
6.75580	11026
6.76268	11906
6.76958	13391
6.77648	12330
6.78338	11809
6.79027	12814
6.79717	13208
6.80407	11637
6.81095	12148
6.81785	12502
6.82475	12390
6.83165	11698
6.83853	12895
6.84543	12945
6.85233	13526
6.85923	15496
6.86612	16583
6.87302	19035
6.87992	20143
6.88680	21506
6.89370	21296
6.90060	22103
6.90750	21612
6.91438	19953
6.92128	21412
6.92818	19099
6.93507	17790
6.94197	18354
6.94887	18104
6.95577	16811
6.96265	15889
6.96955	15412
6.97645	14688
6.98335	16071
6.99023	14278
6.99713	14172
7.00403	14963
7.01092	15395
7.01782	16598
7.02472	21629
7.03162	31146
7.03850	50034
7.04540	74742
7.05230	103287
7.05920	121951
7.06608	130299
7.07298	132932
7.07988	125832
7.08677	119538
7.09367	114027
7.10057	105393
7.10747	98427
7.11435	92531
7.12125	88830
7.12815	85581
7.13503	83816
7.14193	82732
7.14883	76891
7.15573	73822
7.16262	68089
7.16952	64906
7.17642	60351
7.18332	54759
7.19020	51640
7.19710	49347
7.20400	45704
7.21088	44987
7.21778	41974
7.22468	38994
7.23158	36853
7.23847	34074
7.24537	32872
7.25227	31278
7.25915	29416
7.26605	28000
7.27295	27576
7.27985	26275
7.28673	24632
7.29363	23958
7.30053	22305
7.30743	22238
7.31432	20935
7.32122	19059
7.32812	17703
7.33500	17640
7.34190	16251
7.34880	15014
7.35570	15412
7.36258	13254
7.36948	14616
7.37638	12168
7.38328	12794
7.39017	13084
7.39707	12385
7.40397	12309
7.41085	12823
7.41775	12564
7.42465	12249
7.43155	12666
7.43843	13674
7.44533	13835
7.45223	14170
7.45912	14233
7.46602	13762
7.47292	15103
7.47982	14352
7.48670	14040
7.49360	13113
7.50050	14210
7.50740	13752
7.51428	14073
7.52118	13539
7.52808	13077
7.53497	12990
7.54187	13213
7.54877	12810
7.55567	13184
7.56255	12053
7.56945	10876
7.57635	12698
7.58325	11225
7.59013	11572
7.59703	11065
7.60393	10457
7.61082	11096
7.61772	10518
7.62462	11555
7.63152	11193
7.63840	10478
7.64530	10777
7.65220	10812
7.65908	11888
7.66598	11817
7.67288	11790
7.67978	10954
7.68667	10822
7.69357	11836
7.70047	11093
7.70737	10732
7.71425	10155
7.72115	10981
7.72805	10264
7.73493	10037
7.74183	11151
7.74873	10703
7.75563	10313
7.76252	10249
7.76942	9795
7.77632	10080
7.78322	10062
7.79010	10278
7.79700	11479
7.80390	10163
7.81078	10232
7.81768	9693
7.82458	11290
7.83148	8860
7.83837	9918
7.84527	10229
7.85217	10847
7.85905	9696
7.86595	9128
7.87285	9313
7.87975	8789
7.88663	9345
7.89353	9447
7.90043	9270
7.90733	8582
7.91422	9483
7.92112	8812
7.92802	9954
7.93490	8277
7.94180	9143
7.94870	9088
7.95560	9535
7.96248	8547
7.96938	9401
7.97628	9096
7.98318	9405
7.99007	9250
7.99697	8884
8.00387	10199
8.01075	8802
8.01765	7605
8.02455	9422
8.03145	8337
8.03833	8838
8.04523	9394
8.05213	9960
8.05902	8688
8.06592	9091
8.07282	9168
8.07972	9152
8.08660	8643
8.09350	8161
8.10040	8940
8.10730	9259
8.11418	8641
8.12108	9541
8.12798	8267
8.13487	8936
8.14177	9770
8.14867	8623
8.15557	8449
8.16245	9392
8.16935	8729
8.17625	9006
8.18313	9247
8.19003	9480
8.19693	8738
8.20383	8597
8.21072	8306
8.21762	8830
8.22452	7963
8.23142	8733
8.23830	9745
8.24520	7776
8.25210	8594
8.25898	9122
8.26588	10251
8.27278	8493
8.27968	8982
8.28657	9077
8.29347	9483
8.30037	9225
8.30727	9506
8.31415	9681
8.32105	9462
8.32795	8838
8.33483	9476
8.34173	9324
8.34863	9878
8.35553	9162
8.36242	9059
8.36932	9313
8.37622	9141
8.38310	8171
8.39000	8696
8.39690	8692
8.40380	9152
8.41068	8887
8.41758	11333
8.42448	12797
8.43138	19312
8.43827	28164
8.44517	38761
8.45207	49849
8.45895	59642
8.46585	64832
8.47275	66261
8.47965	61736
8.48653	53193
8.49343	47846
8.50033	41914
8.50723	35116
8.51412	30776
8.52102	26562
8.52792	25243
8.53480	24278
8.54170	19708
8.54860	18074
8.55550	17023
8.56238	15952
8.56928	15935
8.57618	13134
8.58307	12449
8.58997	11550
8.59687	11217
8.60377	9301
8.61065	9127
8.61755	7922
8.62445	9311
8.63135	7633
8.63823	9384
8.64513	8554
8.65203	8004
8.65892	8268
8.66582	8700
8.67272	7681
8.67962	9435
8.68650	8603
8.69340	10268
8.70030	9548
8.70720	12572
8.71408	10519
8.72098	10517
8.72788	11902
8.73477	11910
8.74167	10844
8.74857	10730
8.75547	12033
8.76235	12000
8.76925	12363
8.77615	11381
8.78303	13466
8.78993	12497
8.79683	11117
8.80373	11193
8.81062	10188
8.81752	10264
8.82442	10748
8.83132	10932
8.83820	10559
8.84510	9873
8.85200	9803
8.85888	9350
8.86578	10010
8.87268	10597
8.87958	10786
8.88647	15546
8.89337	18771
8.90027	21075
8.90715	22610
8.91405	23290
8.92095	22999
8.92785	21518
8.93473	20830
8.94163	19473
8.94853	18709
8.95543	17990
8.96232	16986
8.96922	15337
8.97612	15171
8.98300	14222
8.98990	14610
8.99680	13900
9.00370	13276
9.01058	13382
9.01748	12574
9.02438	13184
9.03128	12686
9.03817	12376
9.04507	12144
9.05197	11767
9.05885	11648
9.06575	11794
9.07265	10349
9.07955	10976
9.08643	10948
9.09333	12029
9.10023	11278
9.10712	10329
9.11402	10433
9.12092	9532
9.12782	10732
9.13470	12018
9.14160	10136
9.14850	9419
9.15540	10595
9.16228	9446
9.16918	10003
9.17608	8859
9.18297	9205
9.18987	8980
9.19677	9092
9.20367	8978
9.21055	8901
9.21745	8738
9.22435	9678
9.23125	9653
9.23813	8010
9.24503	10013
9.25193	9494
9.25882	10475
9.26572	9539
9.27262	8504
9.27952	9804
9.28640	8955
9.29330	9356
9.30020	10208
9.30708	9912
9.31398	9161
9.32088	10811
9.32778	9105
9.33467	10308
9.34157	10440
9.34847	9389
9.35537	9748
9.36225	10545
9.36915	10641
9.37605	9982
9.38293	11220
9.38983	9661
9.39673	10197
9.40363	8972
9.41052	9579
9.41742	10180
9.42432	9653
9.43122	7723
9.43810	8853
9.44500	10070
9.45190	8896
9.45878	9881
9.46568	9583
9.47258	10391
9.47948	11824
9.48637	12770
9.49327	12737
9.50017	11639
9.50705	11878
9.51395	12051
9.52085	10711
9.52775	9771
9.53463	10029
9.54153	10566
9.54843	9740
9.55533	9132
9.56222	9591
9.56912	8164
9.57602	8313
9.58290	7857
9.58980	8184
9.59670	8472
9.60360	8565
9.61048	8501
9.61738	9780
9.62428	12301
9.63118	16857
9.63807	30908
9.64497	52887
9.65187	75296
9.65875	90866
9.66565	98620
9.67255	99388
9.67945	95458
9.68633	87498
9.69323	79141
9.70013	69145
9.70702	60292
9.71392	52847
9.72082	46313
9.72772	43437
9.73460	37110
9.74150	34867
9.74840	32348
9.75530	28791
9.76218	25599
9.76908	23599
9.77598	20266
9.78287	19225
9.78977	17262
9.79667	19036
9.80357	27975
9.81045	49616
9.81735	86021
9.82425	126743
9.83115	167705
9.83803	188104
9.84493	191768
9.85183	176790
9.85872	158387
9.86562	132922
9.87252	114457
9.87942	101448
9.88630	84812
9.89320	69525
9.90010	63000
9.90698	53120
9.91388	46360
9.92078	39932
9.92768	34638
9.93457	32126
9.94147	30517
9.94837	25694
9.95527	21973
9.96215	19845
9.96905	17996
9.97595	15220
9.98283	13437
9.98973	12722
9.99663	11898
10.00353	11717
10.01042	11292
10.01732	10598
10.02422	10640
10.03112	10250
10.03800	9447
10.04490	11227
10.05180	9212
10.05868	9897
10.06558	9764
10.07248	9816
10.07938	9786
10.08627	8876
10.09317	9297
10.10007	10096
10.10695	10053
10.11385	10835
10.12075	9569
10.12765	9430
10.13453	10160
10.14143	10629
10.14833	11459
10.15523	10036
10.16212	10055
10.16902	9072
10.17592	9732
10.18280	9057
10.18970	8514
10.19660	8516
10.20350	8290
10.21038	8926
10.21728	7722
10.22418	9246
10.23107	7853
10.23797	10100
10.24487	7796
10.25177	7799
10.25865	7646
10.26555	7797
10.27245	8629
10.27935	9256
10.28623	8759
10.29313	8137
10.30003	9134
10.30692	8484
10.31382	7388
10.32072	8314
10.32762	7893
10.33450	7506
10.34140	7145
10.34830	8810
10.35520	8804
10.36208	8407
10.36898	9223
10.37588	10859
10.38277	10686
10.38967	11033
10.39657	10428
10.40347	10449
10.41035	10248
10.41725	10875
10.42415	9686
10.43103	9119
10.43793	9946
10.44483	9752
10.45173	9366
10.45862	11550
10.46552	13731
10.47242	16093
10.47932	17755
10.48620	19770
10.49310	19182
10.50000	19720
10.50688	16668
10.51378	16020
10.52068	14184
10.52758	13090
10.53447	11864
10.54137	11655
10.54827	10664
10.55517	10065
10.56205	9005
10.56895	9547
10.57585	9039
10.58273	8741
10.58963	8104
10.59653	8380
10.60343	9617
10.61032	8923
10.61722	9783
10.62412	8207
10.63100	8564
10.63790	9388
10.64480	8616
10.65170	9269
10.65858	7676
10.66548	7678
10.67238	7985
10.67928	8972
10.68617	8284
10.69307	7958
10.69997	8238
10.70685	8211
10.71375	7503
10.72065	9153
10.72755	8158
10.73443	6952
10.74133	8190
10.74823	7783
10.75513	7511
10.76202	8039
10.76892	8089
10.77582	7647
10.78270	8844
10.78960	7864
10.79650	8059
10.80340	8253
10.81028	8802
10.81718	8775
10.82408	9276
10.83097	8472
10.83787	9076
10.84477	7834
10.85167	7999
10.85855	9713
10.86545	7450
10.87235	7946
10.87925	7914
10.88613	6833
10.89303	7306
10.89993	7286
10.90682	8236
10.91372	10277
10.92062	9439
10.92752	14187
10.93440	19124
10.94130	28063
10.94820	33647
10.95508	38583
10.96198	38397
10.96888	36769
10.97578	33709
10.98267	30895
10.98957	28821
10.99647	25931
11.00337	24127
11.01025	20984
11.01715	21169
11.02405	19388
11.03093	17478
11.03783	17914
11.04473	16178
11.05163	15990
11.05852	13814
11.06542	13148
11.07232	12401
11.07922	12149
11.08610	12906
11.09300	10895
11.09990	10451
11.10678	10710
11.11368	10948
11.12058	11090
11.12748	12100
11.13437	10950
11.14127	11675
11.14817	11144
11.15505	10899
11.16195	9882
11.16885	10849
11.17575	9734
11.18263	9662
11.18953	9149
11.19643	9240
11.20333	8838
11.21022	8324
11.21712	8244
11.22402	9856
11.23090	8272
11.23780	8164
11.24470	8416
11.25160	8828
11.25848	8432
11.26538	7301
11.27228	8554
11.27918	8417
11.28607	8691
11.29297	9593
11.29987	11945
11.30675	14663
11.31365	17824
11.32055	20428
11.32745	20112
11.33433	21147
11.34123	20464
11.34813	24759
11.35502	24728
11.36192	30419
11.36882	38403
11.37572	43528
11.38260	45330
11.38950	47414
11.39640	43799
11.40330	39824
11.41018	34910
11.41708	31812
11.42398	28683
11.43087	26418
11.43777	25153
11.44467	23488
11.45157	23152
11.45845	22062
11.46535	19549
11.47225	19230
11.47915	16981
11.48603	17103
11.49293	15014
11.49983	14966
11.50672	14505
11.51362	15332
11.52052	13603
11.52742	13455
11.53430	12275
11.54120	12420
11.54810	12767
11.55498	10571
11.56188	10993
11.56878	10703
11.57568	10743
11.58257	11160
11.58947	10623
11.59637	9905
11.60327	10265
11.61015	9986
11.61705	10041
11.62395	9041
11.63083	10214
11.63773	9320
11.64463	10501
11.65153	9633
11.65842	8642
11.66532	9012
11.67222	8870
11.67910	8606
11.68600	9010
11.69290	9636
11.69980	8412
11.70668	8428
11.71358	8742
11.72048	8272
11.72738	8080
11.73427	8109
11.74117	8882
11.74807	9224
11.75495	7896
11.76185	7871
11.76875	7229
11.77565	8953
11.78253	8114
11.78943	7542
11.79633	9077
11.80323	8544
11.81012	8609
11.81702	8758
11.82392	9494
11.83080	9801
11.83770	9718
11.84460	8969
11.85150	10310
11.85838	8225
11.86528	9104
11.87218	9663
11.87907	8501
11.88597	8653
11.89287	9932
11.89977	12032
11.90665	13278
11.91355	17147
11.92045	19543
11.92735	22025
11.93423	23052
11.94113	21339
11.94803	19990
11.95492	17802
11.96182	16928
11.96872	15405
11.97562	13524
11.98250	14141
11.98940	13092
11.99630	11025
12.00320	10377
12.01008	11557
12.01698	12739
12.02388	12100
12.03077	13833
12.03767	13007
12.04457	12374
12.05147	12293
12.05835	10937
12.06525	10060
12.07215	8920
12.07903	10282
12.08593	9172
12.09283	9263
12.09973	10606
12.10662	11179
12.11352	12609
12.12042	12697
12.12732	12790
12.13420	13325
12.14110	12404
12.14800	11697
12.15488	10374
12.16178	11879
12.16868	11231
12.17558	11007
12.18247	11538
12.18937	12100
12.19627	11249
12.20317	10532
12.21005	10438
12.21695	9812
12.22385	10061
12.23073	9407
12.23763	9720
12.24453	9222
12.25143	9425
12.25832	10868
12.26522	9183
12.27212	10719
12.27900	9399
12.28590	8418
12.29280	8928
12.29970	8221
12.30658	8324
12.31348	8313
12.32038	7647
12.32728	8093
12.33417	7706
12.34107	7538
12.34797	7141
12.35485	7932
12.36175	7821
12.36865	8587
12.37555	8848
12.38243	7778
12.38933	6777
12.39623	7868
12.40313	7913
12.41002	8856
12.41692	8049
12.42382	8083
12.43070	8104
12.43760	7615
12.44450	7158
12.45140	6730
12.45828	7719
12.46518	7709
12.47208	7729
12.47897	7383
12.48587	7450
12.49277	8177
12.49967	7684
12.50655	7330
12.51345	7467
12.52035	7273
12.52725	7298
12.53413	6706
12.54103	7550
12.54793	7336
12.55482	9237
12.56172	7338
12.56862	7694
12.57552	6589
12.58240	7464
12.58930	7031
12.59620	7515
12.60310	7883
12.60998	7630
12.61688	8044
12.62378	6948
12.63067	6624
12.63757	8114
12.64447	6185
12.65137	7457
12.65825	8374
12.66515	7312
12.67205	7732
12.67893	8545
12.68583	8172
12.69273	8079
12.69963	9072
12.70652	8439
12.71342	9645
12.72032	10849
12.72722	11805
12.73410	11852
12.74100	11508
12.74790	12402
12.75478	11197
12.76168	10258
12.76858	10247
12.77548	10614
12.78237	8823
12.78927	10286
12.79617	9395
12.80307	9259
12.80995	9562
12.81685	9295
12.82375	10875
12.83063	10675
12.83753	13981
12.84443	18371
12.85133	24014
12.85822	31682
12.86512	38259
12.87202	44916
12.87890	45482
12.88580	40348
12.89270	33584
12.89960	27860
12.90648	20372
12.91338	14244
12.92028	11629
12.92718	9420
12.93407	8138
12.94097	8844
12.94787	8933
12.95475	8170
12.96165	7581
12.96855	7972
12.97545	8902
12.98233	8893
12.98923	7968
12.99613	7686
13.00302	7254
13.00992	6969
13.01682	8697
13.02372	7917
13.03060	7338
13.03750	8001
13.04440	7749
13.05130	7852
13.05818	7848
13.06508	7747
13.07198	8102
13.07887	7256
13.08577	9028
13.09267	7591
13.09957	8215
13.10645	8280
13.11335	8686
13.12025	7708
13.12715	9073
13.13403	7451
13.14093	7175
13.14783	7243
13.15472	7099
13.16162	8243
13.16852	7317
13.17542	7311
13.18230	7899
13.18920	7480
13.19610	7951
13.20298	8957
13.20988	8628
13.21678	9021
13.22368	9321
13.23057	9921
13.23747	8726
13.24437	10108
13.25127	8897
13.25815	9789
13.26505	8631
13.27195	8171
13.27883	8779
13.28573	8696
13.29263	7633
13.29953	8239
13.30642	7151
13.31332	8044
13.32022	7196
13.32712	8330
13.33400	6863
13.34090	8833
13.34780	9483
13.35468	12627
13.36158	11682
13.36848	11761
13.37538	12060
13.38227	12648
13.38917	10999
13.39607	10554
13.40295	9141
13.40985	9384
13.41675	7686
13.42365	7883
13.43053	8480
13.43743	7459
13.44433	7088
13.45123	8522
13.45812	7036
13.46502	6607
13.47192	8639
13.47880	7209
13.48570	7208
13.49260	8293
13.49950	6644
13.50638	6748
13.51328	7854
13.52018	6552
13.52708	6926
13.53397	6828
13.54087	6781
13.54777	6411
13.55465	7819
13.56155	7175
13.56845	7006
13.57535	6963
13.58223	6940
13.58913	6210
13.59603	7162
13.60292	6598
13.60982	7443
13.61672	6860
13.62362	7318
13.63050	6770
13.63740	7470
13.64430	7283
13.65120	7157
13.65808	7082
13.66498	7534
13.67188	6815
13.67877	7213
13.68567	7280
13.69257	6835
13.69947	7854
13.70635	6828
13.71325	7427
13.72015	8385
13.72703	6674
13.73393	7882
13.74083	6810
13.74773	7423
13.75462	7556
13.76152	7704
13.76842	7381
13.77532	7728
13.78220	6749
13.78910	8609
13.79600	7833
13.80288	7394
13.80978	6409
13.81668	7017
13.82358	7480
13.83047	8224
13.83737	7251
13.84427	7786
13.85117	6447
13.85805	8425
13.86495	7598
13.87185	6924
13.87873	6647
13.88563	6770
13.89253	6900
13.89943	7484
13.90632	7467
13.91322	6646
13.92012	7341
13.92700	7254
13.93390	7082
13.94080	7838
13.94770	7321
13.95458	7416
13.96148	6667
13.96838	7275
13.97528	6804
13.98217	7764
13.98907	6847
13.99597	7621
14.00285	7196
14.00975	6809
14.01665	6970
14.02355	7250
14.03043	7538
14.03733	7224
14.04423	7620
14.05113	6383
14.05802	7169
14.06492	7708
14.07182	7936
14.07870	7259
14.08560	6906
14.09250	5916
14.09940	6043
14.10628	8228
14.11318	7199
14.12008	6736
14.12697	7321
14.13387	6934
14.14077	6794
14.14767	7262
14.15455	8218
14.16145	6930
14.16835	6391
14.17525	6683
14.18213	7005
14.18903	6306
14.19593	7153
14.20282	6736
14.20972	6924
14.21662	6606
14.22352	6653
14.23040	7867
14.23730	7023
14.24420	6769
14.25110	6019
14.25798	6387
14.26488	6713
14.27178	6989
14.27867	7374
14.28557	7546
14.29247	6501
14.29937	7277
14.30625	6869
14.31315	7599
14.32005	8684
14.32693	9221
14.33383	8786
14.34073	9141
14.34763	9505
14.35452	8378
14.36142	9055
14.36832	7562
14.37522	7572
14.38210	7900
14.38900	6792
14.39590	7960
14.40278	8167
14.40968	8589
14.41658	9441
14.42348	9620
14.43037	10309
14.43727	12206
14.44417	10829
14.45105	9856
14.45795	9746
14.46485	9765
14.47175	9489
14.47863	8852
14.48553	9029
14.49243	7656
14.49933	7813
14.50622	9581
14.51312	8237
14.52002	9821
14.52690	10441
14.53380	12016
14.54070	10562
14.54760	9744
14.55448	8907
14.56138	8618
14.56828	6853
14.57518	6980
14.58207	8103
14.58897	8470
14.59587	9176
14.60275	8720
14.60965	9080
14.61655	8798
14.62345	9205
14.63033	8904
14.63723	9477
14.64413	8929
14.65102	9499
14.65792	8553
14.66482	8433
14.67172	7857
14.67860	8310
14.68550	7269
14.69240	6948
14.69930	7344
14.70618	6233
14.71308	7452
14.71998	7191
14.72687	6754
14.73377	6825
14.74067	7276
14.74757	7763
14.75445	7121
14.76135	8958
14.76825	10480
14.77515	11219
14.78203	12291
14.78893	14122
14.79583	16313
14.80272	20585
14.80962	29720
14.81652	44185
14.82342	63160
14.83030	83230
14.83720	94264
14.84410	97218
14.85098	89790
14.85788	78662
14.86478	59981
14.87168	46273
14.87857	33986
14.88547	25204
14.89237	18163
14.89927	15628
14.90615	12288
14.91305	12767
14.91995	9978
14.92683	11237
14.93373	10746
14.94063	11149
14.94753	10227
14.95442	11779
14.96132	9809
14.96822	11077
14.97512	10269
14.98200	11477
14.98890	10011
14.99580	9357
15.00268	9589
15.00958	9999
15.01648	10109
15.02338	9025
15.03027	10233
15.03717	8989
15.04407	9587
15.05095	8993
15.05785	9197
15.06475	9392
15.07165	7953
15.07853	8184
15.08543	8333
15.09233	7854
15.09923	7410
15.10612	8837
15.11302	7004
15.11992	7338
15.12680	7674
15.13370	7707
15.14060	7430
15.14750	7554
15.15438	6139
15.16128	6866
15.16818	6633
15.17508	7384
15.18197	6245
15.18887	7261
15.19577	6941
15.20265	7109
15.20955	7643
15.21645	7051
15.22335	6938
15.23023	7434
15.23713	7102
15.24403	7055
15.25092	6901
15.25782	6853
15.26472	6321
15.27162	7246
15.27850	6486
15.28540	6343
15.29230	7324
15.29920	7260
15.30608	6862
15.31298	7074
15.31988	8080
15.32677	7069
15.33367	6185
15.34057	7729
15.34747	6374
15.35435	7348
15.36125	6763
15.36815	6633
15.37505	7344
15.38193	8029
15.38883	7771
15.39573	8838
15.40262	7971
15.40952	6720
15.41642	7158
15.42332	7525
15.43020	7384
15.43710	6736
15.44400	6662
15.45088	6730
15.45778	5942
15.46468	6840
15.47158	7248
15.47847	6732
15.48537	6290
15.49227	6239
15.49917	7547
15.50605	7047
15.51295	6537
15.51985	6822
15.52673	7791
15.53363	6171
15.54053	6775
15.54743	7108
15.55432	7123
15.56122	6884
15.56812	6331
15.57500	5777
15.58190	6095
15.58880	6286
15.59570	5967
15.60258	6525
15.60948	5941
15.61638	6307
15.62328	6914
15.63017	6746
15.63707	7379
15.64397	6440
15.65085	6486
15.65775	7218
15.66465	6932
15.67155	8581
15.67843	9332
15.68533	11763
15.69223	14401
15.69913	15662
15.70602	13583
15.71292	13863
15.71982	12552
15.72670	11341
15.73360	10014
15.74050	8906
15.74740	6692
15.75428	6662
15.76118	6634
15.76808	7230
15.77497	6615
15.78187	6969
15.78877	6741
15.79567	7734
15.80255	7944
15.80945	7128
15.81635	6690
15.82325	7727
15.83013	6223
15.83703	7706
15.84393	7876
15.85082	7384
15.85772	7823
15.86462	7424
15.87152	7657
15.87840	7955
15.88530	8170
15.89220	7766
15.89910	7665
15.90598	7381
15.91288	7249
15.91978	7894
15.92667	7486
15.93357	7204
15.94047	6726
15.94737	7434
15.95425	7817
15.96115	7416
15.96805	7805
15.97493	6817
15.98183	7182
15.98873	6065
15.99563	6856
16.00252	6518
16.00942	6475
16.01632	6661
16.02322	6306
16.03010	6137
16.03700	6406
16.04390	7220
16.05078	7338
16.05768	7712
16.06458	7248
16.07148	6885
16.07837	7054
16.08527	6418
16.09217	7065
16.09907	6426
16.10595	6967
16.11285	6729
16.11975	6302
16.12663	6809
16.13353	6609
16.14043	5961
16.14733	6386
16.15422	6347
16.16112	6537
16.16802	6406
16.17490	6020
16.18180	6073
16.18870	5656
16.19560	6359
16.20248	6101
16.20938	6107
16.21628	5914
16.22318	6408
16.23007	5565
16.23697	6210
16.24387	5611
16.25075	5504
16.25765	6848
16.26455	6262
16.27145	7432
16.27833	6068
16.28523	5872
16.29213	6134
16.29903	6145
16.30592	5407
16.31282	6397
16.31972	6506
16.32660	6591
16.33350	6326
16.34040	6002
16.34730	7411
16.35418	6950
16.36108	5288
16.36798	8111
16.37487	6477
16.38177	6751
16.38867	6066
16.39557	6321
16.40245	6512
16.40935	6526
16.41625	5691
16.42315	6738
16.43003	7423
16.43693	6720
16.44383	6632
16.45072	7301
16.45762	8547
16.46452	9507
16.47142	11124
16.47830	11056
16.48520	12682
16.49210	12382
16.49898	12191
16.50588	12097
16.51278	11096
16.51968	10922
16.52657	10531
16.53347	11119
16.54037	8349
16.54727	8568
16.55415	7348
16.56105	7171
16.56795	7650
16.57483	7359
16.58173	7181
16.58863	7637
16.59553	6851
16.60242	7132
16.60932	6883
16.61622	7068
16.62312	6098
16.63000	7031
16.63690	6790
16.64380	7408
16.65068	7192
16.65758	7536
16.66448	7583
16.67138	6319
16.67827	6639
16.68517	7339
16.69207	6115
16.69895	7421
16.70585	7709
16.71275	6340
16.71965	6942
16.72653	7314
16.73343	7013
16.74033	6251
16.74723	7942
16.75412	7212
16.76102	7747
16.76792	7838
16.77480	7596
16.78170	8117
16.78860	6231
16.79550	7172
16.80238	6487
16.80928	6419
16.81618	6224
16.82308	6628
16.82997	6016
16.83687	6753
16.84377	7443
16.85065	6466
16.85755	6081
16.86445	6620
16.87135	8199
16.87823	9172
16.88513	10353
16.89203	11559
16.89892	13944
16.90582	15445
16.91272	18670
16.91962	24185
16.92650	31366
16.93340	38032
16.94030	40355
16.94720	40754
16.95408	33199
16.96098	26742
16.96788	19822
16.97477	13543
16.98167	11063
16.98857	8719
16.99547	8553
17.00235	7878
17.00925	7520
17.01615	7623
17.02305	6894
17.02993	7637
17.03683	8452
17.04373	10282
17.05062	13452
17.05752	15987
17.06442	21192
17.07132	23931
17.07820	24224
17.08510	25353
17.09200	22118
17.09888	18493
17.10578	14172
17.11268	10108
17.11958	8892
17.12647	7108
17.13337	7473
17.14027	7026
17.14717	7355
17.15405	7345
17.16095	7589
17.16785	6564
17.17473	6757
17.18163	7826
17.18853	6892
17.19543	7566
17.20232	7043
17.20922	7562
17.21612	6541
17.22300	7436
17.22990	6969
17.23680	6890
17.24370	7514
17.25058	7345
17.25748	8283
17.26438	6974
17.27128	6733
17.27817	6307
17.28507	6404
17.29197	6539
17.29885	5437
17.30575	6764
17.31265	6680
17.31955	5819
17.32643	5206
17.33333	5004
17.34023	6873
17.34713	6638
17.35402	6371
17.36092	5946
17.36782	5993
17.37470	5161
17.38160	6314
17.38850	7026
17.39540	6416
17.40228	6463
17.40918	6125
17.41608	6517
17.42297	5993
17.42987	5639
17.43677	6086
17.44367	6155
17.45055	6044
17.45745	5434
17.46435	6217
17.47125	6146
17.47813	6271
17.48503	5337
17.49193	6020
17.49882	6357
17.50572	6656
17.51262	5747
17.51952	5976
17.52640	6570
17.53330	6206
17.54020	7643
17.54710	5803
17.55398	6498
17.56088	6046
17.56778	6962
17.57467	5859
17.58157	5562
17.58847	6602
17.59537	6282
17.60225	6955
17.60915	5984
17.61605	5713
17.62293	6345
17.62983	6353
17.63673	6759
17.64363	6035
17.65052	6292
17.65742	5372
17.66432	6625
17.67122	6133
17.67810	6351
17.68500	5701
17.69190	7560
17.69878	5642
17.70568	6895
17.71258	6933
17.71948	5862
17.72637	5662
17.73327	6065
17.74017	6116
17.74707	5516
17.75395	6168
17.76085	6418
17.76775	6178
17.77463	7020
17.78153	6038
17.78843	6346
17.79533	5885
17.80222	6326
17.80912	6072
17.81602	6234
17.82290	7234
17.82980	6096
17.83670	6144
17.84360	6031
17.85048	5483
17.85738	5727
17.86428	5866
17.87118	6161
17.87807	6263
17.88497	5240
17.89187	6742
17.89875	6224
17.90565	6373
17.91255	5622
17.91945	5765
17.92633	6241
17.93323	5501
17.94013	5591
17.94703	6037
17.95392	5948
17.96082	7065
17.96772	6119
17.97460	6983
17.98150	8068
17.98840	6901
17.99530	7201
18.00218	6864
18.00908	6722
18.01598	6909
18.02287	6732
18.02977	7020
18.03667	6805
18.04357	7046
18.05045	6660
18.05735	6543
18.06425	6434
18.07115	6214
18.07803	8453
18.08493	6627
18.09183	6337
18.09872	5507
18.10562	5778
18.11252	6556
18.11942	6662
18.12630	5925
18.13320	5948
18.14010	5728
18.14700	5649
18.15388	6741
18.16078	6372
18.16768	6304
18.17457	6009
18.18147	6782
18.18837	5855
18.19527	6296
18.20215	6103
18.20905	4644
18.21595	6192
18.22283	5502
18.22973	5574
18.23663	6766
18.24353	6773
18.25042	6187
18.25732	6356
18.26422	6516
18.27112	6389
18.27800	5053
18.28490	6523
18.29180	6200
18.29868	6117
18.30558	5694
18.31248	6627
18.31938	5808
18.32627	6108
18.33317	6131
18.34007	6347
18.34695	6706
18.35385	6513
18.36075	6174
18.36765	7218
18.37453	6146
18.38143	5869
18.38833	6128
18.39523	5730
18.40212	6335
18.40902	6312
18.41592	6179
18.42280	6846
18.42970	5947
18.43660	6144
18.44350	6134
18.45038	6313
18.45728	5558
18.46418	6084
18.47108	6224
18.47797	6264
18.48487	5776
18.49177	5890
18.49865	5851
18.50555	5855
18.51245	5416
18.51935	6379
18.52623	5755
18.53313	6555
18.54003	6254
18.54692	6923
18.55382	7024
18.56072	6618
18.56762	6859
18.57450	6662
18.58140	6672
18.58830	6034
18.59520	6759
18.60208	6683
18.60898	6224
18.61588	6686
18.62277	5823
18.62967	6044
18.63657	6848
18.64347	6118
18.65035	5518
18.65725	6125
18.66415	6624
18.67105	6017
18.67793	6658
18.68483	6523
18.69173	6408
18.69862	6580
18.70552	6807
18.71242	6612
18.71932	7174
18.72620	6300
18.73310	6462
18.74000	6805
18.74688	6327
18.75378	5923
18.76068	6491
18.76758	6824
18.77447	6984
18.78137	7637
18.78827	8071
18.79517	7610
18.80205	6203
18.80895	7376
18.81585	6862
18.82273	6776
18.82963	6252
18.83653	6126
18.84343	6256
18.85032	7068
18.85722	8074
18.86412	7895
18.87102	8952
18.87790	8697
18.88480	8459
18.89170	8538
18.89858	9111
18.90548	9850
18.91238	11462
18.91928	9873
18.92617	9294
18.93307	9692
18.93997	9399
18.94685	8327
18.95375	8023
18.96065	8150
18.96755	7688
18.97443	6393
18.98133	6454
18.98823	6290
18.99513	6480
19.00202	6955
19.00892	6787
19.01582	6842
19.02270	5661
19.02960	6360
19.03650	6731
19.04340	6087
19.05028	6399
19.05718	8587
19.06408	6586
19.07098	6135
19.07787	6500
19.08477	7103
19.09167	7389
19.09855	7803
19.10545	6100
19.11235	5707
19.11925	7584
19.12613	6520
19.13303	6837
19.13993	6549
19.14682	7123
19.15372	8727
19.16062	6381
19.16752	6764
19.17440	8673
19.18130	16650
19.18820	27937
19.19510	49639
19.20198	75940
19.20888	102942
19.21578	124215
19.22267	131595
19.22957	126443
19.23647	109627
19.24337	89522
19.25025	70697
19.25715	58064
19.26405	50486
19.27093	41617
19.27783	36164
19.28473	31620
19.29163	27145
19.29852	24183
19.30542	22940
19.31232	21568
19.31922	20440
19.32610	19058
19.33300	17832
19.33990	18725
19.34678	16663
19.35368	15982
19.36058	15120
19.36748	15035
19.37437	14882
19.38127	12832
19.38817	13045
19.39507	12674
19.40195	13189
19.40885	12479
19.41575	12330
19.42263	10319
19.42953	10576
19.43643	9856
19.44333	11365
19.45022	10817
19.45712	9764
19.46402	9637
19.47090	9191
19.47780	10197
19.48470	10437
19.49160	13008
19.49848	18822
19.50538	30059
19.51228	49135
19.51918	74812
19.52607	105666
19.53297	125119
19.53987	126734
19.54675	114135
19.55365	87826
19.56055	63993
19.56745	42018
19.57433	29481
19.58123	19650
19.58813	17946
19.59503	14587
19.60192	12085
19.60882	12331
19.61572	11831
19.62260	10866
19.62950	10428
19.63640	10663
19.64330	10174
19.65018	9719
19.65708	9370
19.66398	9976
19.67087	9262
19.67777	8440
19.68467	8902
19.69157	9100
19.69845	9100
19.70535	7942
19.71225	7800
19.71915	8537
19.72603	8163
19.73293	8558
19.73983	7103
19.74672	8597
19.75362	8994
19.76052	8447
19.76742	9615
19.77430	8540
19.78120	8353
19.78810	9182
19.79500	8449
19.80188	8068
19.80878	8446
19.81568	8679
19.82257	7745
19.82947	7889
19.83637	7531
19.84327	8125
19.85015	7875
19.85705	8137
19.86395	8450
19.87083	7684
19.87773	7963
19.88463	6808
19.89153	6696
19.89842	6884
19.90532	7372
19.91222	6868
19.91912	7359
19.92600	7561
19.93290	7635
19.93980	6075
19.94668	7231
19.95358	6040
19.96048	7524
19.96738	7085
19.97427	7175
19.98117	7220
19.98807	8051
19.99495	7642
20.00185	5699
20.00875	6884
20.01565	7076
20.02253	6541
20.02943	6803
20.03633	6699
20.04323	6955
20.05012	6201
20.05702	6340
20.06392	6883
20.07080	7159
20.07770	7530
20.08460	6173
20.09150	6818
20.09838	7098
20.10528	7071
20.11218	6461
20.11908	7085
20.12597	6652
20.13287	6537
20.13977	6774
20.14665	7120
20.15355	6936
20.16045	5634
20.16735	6695
20.17423	6281
20.18113	6134
20.18803	7218
20.19492	7103
20.20182	5815
20.20872	5982
20.21562	6015
20.22250	6260
20.22940	6851
20.23630	7086
20.24320	6538
20.25008	5647
20.25698	7704
20.26388	6600
20.27077	6557
20.27767	5759
20.28457	6508
20.29147	6982
20.29835	5952
20.30525	6553
20.31215	6235
20.31905	7001
20.32593	6620
20.33283	6449
20.33973	6168
20.34662	5878
20.35352	6945
20.36042	6570
20.36732	6452
20.37420	6416
20.38110	6950
20.38800	7046
20.39488	6705
20.40178	7495
20.40868	6330
20.41558	6691
20.42247	7116
20.42937	6759
20.43627	6022
20.44317	5423
20.45005	6632
20.45695	5996
20.46385	6606
20.47073	6799
20.47763	6291
20.48453	6202
20.49143	6614
20.49832	5922
20.50522	6501
20.51212	6537
20.51902	5990
20.52590	6347
20.53280	6231
20.53970	6148
20.54658	6627
20.55348	6008
20.56038	6738
20.56728	7065
20.57417	6475
20.58107	6744
20.58797	6805
20.59485	6717
20.60175	6501
20.60865	6679
20.61555	6392
20.62243	6267
20.62933	7923
20.63623	7684
20.64313	7817
20.65002	6763
20.65692	6849
20.66382	6528
20.67070	6032
20.67760	8229
20.68450	6410
20.69140	6769
20.69828	7010
20.70518	6525
20.71208	6746
20.71898	7827
20.72587	8921
20.73277	8934
20.73967	9047
20.74655	8287
20.75345	10442
20.76035	13025
20.76725	12266
20.77413	14941
20.78103	14013
20.78793	12323
20.79482	11959
20.80172	10810
20.80862	8858
20.81552	8297
20.82240	6937
20.82930	8338
20.83620	7695
20.84310	7019
20.84998	7131
20.85688	8242
20.86378	10334
20.87067	11227
20.87757	13824
20.88447	16703
20.89137	20462
20.89825	25813
20.90515	29895
20.91205	34490
20.91893	38398
20.92583	41240
20.93273	42889
20.93963	36780
20.94652	32626
20.95342	25019
20.96032	19697
20.96722	14283
20.97410	12839
20.98100	11304
20.98790	11305
20.99478	12239
21.00168	15209
21.00858	19733
21.01548	24848
21.02237	27929
21.02927	30944
21.03617	31550
21.04307	29534
21.04995	25254
21.05685	23195
21.06375	19602
21.07063	18338
21.07753	15864
21.08443	13393
21.09133	13565
21.09822	13389
21.10512	10929
21.11202	11361
21.11890	10713
21.12580	10007
21.13270	10989
21.13960	8392
21.14648	11277
21.15338	10758
21.16028	9213
21.16718	8403
21.17407	8940
21.18097	7687
21.18787	9229
21.19475	8310
21.20165	9272
21.20855	7747
21.21545	7345
21.22233	8639
21.22923	6741
21.23613	7416
21.24303	8867
21.24992	7782
21.25682	7822
21.26372	9011
21.27060	8670
21.27750	11142
21.28440	7878
21.29130	8092
21.29818	8393
21.30508	8193
21.31198	7584
21.31887	8001
21.32577	7880
21.33267	8138
21.33957	8048
21.34645	7095
21.35335	6500
21.36025	6381
21.36715	6991
21.37403	10523
21.38093	18867
21.38783	43201
21.39472	98494
21.40162	227002
21.40852	423792
21.41542	672710
21.42230	863500
21.42920	918977
21.43610	897651
21.44300	705779
21.44988	496736
21.45678	322723
21.46368	189401
21.47057	113365
21.47747	68848
21.48437	45250
21.49127	31329
21.49815	25839
21.50505	24164
21.51195	20393
21.51883	19657
21.52573	17004
21.53263	14744
21.53953	15159
21.54642	13660
21.55332	13215
21.56022	12628
21.56712	12425
21.57400	12791
21.58090	10498
21.58780	11627
21.59468	10350
21.60158	11906
21.60848	10399
21.61538	10449
21.62227	9771
21.62917	9485
21.63607	10522
21.64297	9969
21.64985	10324
21.65675	9017
21.66365	8631
21.67053	9907
21.67743	8883
21.68433	8500
21.69123	9119
21.69812	8748
21.70502	8891
21.71192	8047
21.71880	8785
21.72570	10423
21.73260	9594
21.73950	10234
21.74638	11779
21.75328	11723
21.76018	11610
21.76708	11866
21.77397	11435
21.78087	9820
21.78777	10166
21.79465	9730
21.80155	8606
21.80845	8149
21.81535	8392
21.82223	7641
21.82913	7150
21.83603	7397
21.84293	7637
21.84982	7720
21.85672	7684
21.86362	6658
21.87050	7393
21.87740	6790
21.88430	8050
21.89120	7442
21.89808	6851
21.90498	7737
21.91188	7886
21.91877	8796
21.92567	8372
21.93257	9606
21.93947	11943
21.94635	17117
21.95325	18578
21.96015	20334
21.96705	20104
21.97393	19888
21.98083	19132
21.98773	16946
21.99462	13532
22.00152	12028
22.00842	11665
22.01532	10588
22.02220	10573
22.02910	10652
22.03600	8786
22.04288	8551
22.04978	8447
22.05668	8442
22.06358	9060
22.07047	8901
22.07737	8717
22.08427	9929
22.09117	9122
22.09805	8830
22.10495	8357
22.11185	8632
22.11873	8180
22.12563	6987
22.13253	7385
22.13943	7668
22.14632	7296
22.15322	7183
22.16012	7095
22.16702	7612
22.17390	6959
22.18080	6628
22.18770	7000
22.19458	7182
22.20148	6877
22.20838	7132
22.21528	7893
22.22217	7047
22.22907	6844
22.23597	7444
22.24285	6943
22.24975	7351
22.25665	6652
22.26355	6920
22.27043	6626
22.27733	7630
22.28423	6482
22.29113	6079
22.29802	6772
22.30492	7349
22.31182	6748
22.31870	7381
22.32560	6863
22.33250	6712
22.33940	7451
22.34628	6627
22.35318	7135
22.36008	6748
22.36698	7217
22.37387	6891
22.38077	6744
22.38767	7232
22.39455	6897
22.40145	8085
22.40835	8269
22.41525	6579
22.42213	7447
22.42903	7330
22.43593	7208
22.44282	7206
22.44972	8325
22.45662	7960
22.46352	8229
22.47040	7038
22.47730	7710
22.48420	8296
22.49110	6837
22.49798	6832
22.50488	6891
22.51178	7239
22.51867	6562
22.52557	7486
22.53247	6600
22.53937	7834
22.54625	6881
22.55315	6766
22.56005	7608
22.56695	7408
22.57383	7979
22.58073	7144
22.58763	6167
22.59452	6328
22.60142	5720
22.60832	6846
22.61522	7280
22.62210	6876
22.62900	6777
22.63590	7084
22.64278	6934
22.64968	7083
22.65658	6940
22.66348	7065
22.67037	6843
22.67727	7044
22.68417	7561
22.69107	6424
22.69795	6680
22.70485	6891
22.71175	6675
22.71863	6223
22.72553	6099
22.73243	7322
22.73933	6497
22.74622	5980
22.75312	6342
22.76002	6503
22.76690	6775
22.77380	6311
22.78070	6320
22.78760	6919
22.79448	6871
22.80138	6616
22.80828	6614
22.81518	6826
22.82207	6535
22.82897	6020
22.83587	6810
22.84275	7707
22.84965	6665
22.85655	7268
22.86345	7034
22.87033	7522
22.87723	6465
22.88413	6656
22.89103	5997
22.89792	6633
22.90482	6108
22.91172	7791
22.91860	6117
22.92550	6996
22.93240	7579
22.93930	6240
22.94618	7068
22.95308	6039
22.95998	5999
22.96687	6526
22.97377	8685
22.98067	7284
22.98757	8455
22.99445	8857
23.00135	8081
23.00825	8184
23.01515	8149
23.02203	8049
23.02893	8718
23.03583	7226
23.04272	6511
23.04962	7572
23.05652	7070
23.06342	7122
23.07030	6681
23.07720	6536
23.08410	7541
23.09100	9430
23.09788	11126
23.10478	13035
23.11168	12844
23.11857	11878
23.12547	12973
23.13237	11300
23.13927	9408
23.14615	8527
23.15305	7939
23.15995	8084
23.16683	7445
23.17373	6861
23.18063	6804
23.18753	6703
23.19442	6248
23.20132	7474
23.20822	5968
23.21512	6024
23.22200	6812
23.22890	7237
23.23580	6472
23.24268	6935
23.24958	7330
23.25648	7501
23.26338	8757
23.27027	7082
23.27717	7077
23.28407	6523
23.29097	7715
23.29785	6724
23.30475	5873
23.31165	5428
23.31853	6817
23.32543	5968
23.33233	6905
23.33923	5763
23.34612	6453
23.35302	7035
23.35992	6457
23.36680	6813
23.37370	6694
23.38060	5846
23.38750	7316
23.39438	6375
23.40128	7587
23.40818	5980
23.41508	7747
23.42197	6503
23.42887	7252
23.43577	6493
23.44265	5559
23.44955	7033
23.45645	6429
23.46335	6088
23.47023	6925
23.47713	7153
23.48403	6270
23.49093	7276
23.49782	8270
23.50472	9605
23.51162	8876
23.51850	10433
23.52540	10406
23.53230	12293
23.53920	12819
23.54608	13321
23.55298	13697
23.55988	13190
23.56677	12731
23.57367	10909
23.58057	8617
23.58747	8322
23.59435	7810
23.60125	7602
23.60815	6883
23.61505	6951
23.62193	6933
23.62883	7251
23.63573	6331
23.64262	6886
23.64952	6736
23.65642	5796
23.66332	7053
23.67020	6444
23.67710	6271
23.68400	6914
23.69088	6495
23.69778	5963
23.70468	5980
23.71158	6352
23.71847	7098
23.72537	6567
23.73227	6378
23.73917	7028
23.74605	6019
23.75295	6488
23.75985	7461
23.76673	7161
23.77363	6739
23.78053	6079
23.78743	5351
23.79432	6888
23.80122	6077
23.80812	6407
23.81502	6905
23.82190	8336
23.82880	13206
23.83570	19199
23.84258	30817
23.84948	47475
23.85638	63108
23.86328	79314
23.87017	86399
23.87707	82644
23.88397	70997
23.89085	54494
23.89775	39722
23.90465	27348
23.91155	20133
23.91843	15774
23.92533	13238
23.93223	12015
23.93913	10751
23.94602	9015
23.95292	9053
23.95982	9000
23.96670	8548
23.97360	8487
23.98050	8495
23.98740	8434
23.99428	7778
24.00118	8707
24.00808	7602
24.01498	7228
24.02187	6908
24.02877	7353
24.03567	6975
24.04255	7083
24.04945	7242
24.05635	6820
24.06325	7215
24.07013	7393
24.07703	6725
24.08393	6466
24.09082	7179
24.09772	7692
24.10462	8157
24.11152	6771
24.11840	5955
24.12530	7569
24.13220	6725
24.13910	7121
24.14598	8515
24.15288	7297
24.15978	7118
24.16667	6551
24.17357	6702
24.18047	6797
24.18737	6508
24.19425	7513
24.20115	6543
24.20805	8238
24.21495	6601
24.22183	7491
24.22873	7724
24.23563	10046
24.24252	10536
24.24942	12451
24.25632	12485
24.26322	12380
24.27010	11741
24.27700	9504
24.28390	10434
24.29078	9439
24.29768	9889
24.30458	7689
24.31148	7877
24.31837	7056
24.32527	8178
24.33217	7394
24.33907	7052
24.34595	7667
24.35285	6521
24.35975	6131
24.36663	6813
24.37353	6392
24.38043	6996
24.38733	6242
24.39422	6097
24.40112	7740
24.40802	6914
24.41492	7245
24.42180	7783
24.42870	9875
24.43560	10372
24.44248	10804
24.44938	10893
24.45628	11493
24.46318	9356
24.47007	8441
24.47697	8922
24.48387	7352
24.49075	7340
24.49765	6721
24.50455	7379
24.51145	6657
24.51833	6038
24.52523	7404
24.53213	6207
24.53903	6715
24.54592	6666
24.55282	7236
24.55972	6923
24.56660	7450
24.57350	6731
24.58040	7065
24.58730	6456
24.59418	6400
24.60108	6062
24.60798	6653
24.61488	7400
24.62177	6259
24.62867	7142
24.63557	6684
24.64245	5679
24.64935	6750
24.65625	5767
24.66315	6715
24.67003	5616
24.67693	6054
24.68383	6800
24.69072	7554
24.69762	5957
24.70452	6150
24.71142	5487
24.71830	5953
24.72520	7600
24.73210	6742
24.73900	6810
24.74588	6579
24.75278	6559
24.75968	6179
24.76657	6629
24.77347	6031
24.78037	6402
24.78727	6935
24.79415	5823
24.80105	7590
24.80795	6614
24.81483	6811
24.82173	7010
24.82863	6744
24.83553	7565
24.84242	8380
24.84932	8738
24.85622	9701
24.86312	10718
24.87000	12055
24.87690	10375
24.88380	9580
24.89068	8818
24.89758	8063
24.90448	6127
24.91138	7581
24.91827	7754
24.92517	6895
24.93207	7919
24.93897	9420
24.94585	13715
24.95275	24479
24.95965	46018
24.96653	85623
24.97343	157030
24.98033	267035
24.98723	390004
24.99412	476773
25.00102	508926
25.00792	455465
25.01480	363073
25.02170	249819
25.02860	159986
25.03550	95513
25.04238	58040
25.04928	36974
25.05618	27586
25.06308	23722
25.06997	22533
25.07687	21829
25.08377	20003
25.09065	19766
25.09755	15960
25.10445	13034
25.11135	13172
25.11823	12047
25.12513	12290
25.13203	12080
25.13893	12798
25.14582	12962
25.15272	13114
25.15962	12969
25.16650	13260
25.17340	11068
25.18030	9831
25.18720	10449
25.19408	8979
25.20098	8347
25.20788	8659
25.21477	8584
25.22167	8627
25.22857	8399
25.23547	8998
25.24235	7578
25.24925	9888
25.25615	8192
25.26305	10214
25.26993	7811
25.27683	8807
25.28373	9083
25.29062	8135
25.29752	7834
25.30442	8019
25.31132	7480
25.31820	7652
25.32510	7322
25.33200	7315
25.33890	7167
25.34578	7651
25.35268	8294
25.35958	6770
25.36647	7677
25.37337	6920
25.38027	7667
25.38717	7921
25.39405	9045
25.40095	7587
25.40785	9257
25.41473	6934
25.42163	7602
25.42853	8007
25.43543	8868
25.44232	10628
25.44922	11354
25.45612	12429
25.46302	12121
25.46990	17721
25.47680	32726
25.48370	56247
25.49058	97427
25.49748	144650
25.50438	206731
25.51128	238302
25.51817	241027
25.52507	211221
25.53197	171435
25.53885	138335
25.54575	123556
25.55265	136918
25.55955	164720
25.56643	185159
25.57333	192584
25.58023	176412
25.58713	149467
25.59402	113168
25.60092	81401
25.60782	55510
25.61470	38507
25.62160	29018
25.62850	22110
25.63540	18696
25.64228	16174
25.64918	17640
25.65608	15538
25.66298	13342
25.66987	13330
25.67677	13099
25.68367	12349
25.69055	11544
25.69745	12477
25.70435	10651
25.71125	10104
25.71813	9294
25.72503	9206
25.73193	9507
25.73882	9594
25.74572	8757
25.75262	8525
25.75952	8011
25.76640	9005
25.77330	7995
25.78020	7703
25.78710	8563
25.79398	8287
25.80088	8434
25.80778	8615
25.81467	8973
25.82157	10122
25.82847	10290
25.83537	11510
25.84225	10465
25.84915	11227
25.85605	10675
25.86295	11121
25.86983	11473
25.87673	12299
25.88363	12033
25.89052	13783
25.89742	13656
25.90432	12878
25.91122	12457
25.91810	10854
25.92500	12064
25.93190	8878
25.93878	8498
25.94568	9926
25.95258	9289
25.95948	9747
25.96637	10279
25.97327	9522
25.98017	9020
25.98707	8731
25.99395	7801
26.00085	8169
26.00775	8195
26.01463	8240
26.02153	8686
26.02843	7586
26.03533	8705
26.04222	7908
26.04912	9355
26.05602	9274
26.06292	9013
26.06980	9315
26.07670	8371
26.08360	7902
26.09048	8033
26.09738	8830
26.10428	7915
26.11118	6699
26.11807	7478
26.12497	7944
26.13187	7053
26.13875	7911
26.14565	7875
26.15255	7484
26.15945	7077
26.16633	7510
26.17323	6573
26.18013	7048
26.18703	7505
26.19392	8168
26.20082	7417
26.20772	8373
26.21460	8871
26.22150	9588
26.22840	9647
26.23530	8259
26.24218	9571
26.24908	7853
26.25598	6937
26.26287	7726
26.26977	6762
26.27667	7758
26.28357	7469
26.29045	6417
26.29735	6758
26.30425	7033
26.31115	6807
26.31803	7581
26.32493	6723
26.33183	7419
26.33872	7261
26.34562	8710
26.35252	6495
26.35942	7529
26.36630	6630
26.37320	7463
26.38010	6991
26.38700	6375
26.39388	8094
26.40078	6831
26.40768	7274
26.41457	6827
26.42147	6400
26.42837	7650
26.43527	7322
26.44215	7587
26.44905	7578
26.45595	7234
26.46283	8075
26.46973	7414
26.47663	7159
26.48353	7102
26.49042	7160
26.49732	7403
26.50422	7055
26.51112	7109
26.51800	6912
26.52490	7228
26.53180	6244
26.53868	6882
26.54558	6984
26.55248	6950
26.55938	7453
26.56627	7740
26.57317	6256
26.58007	6888
26.58697	6483
26.59385	7013
26.60075	7065
26.60765	7203
26.61453	8090
26.62143	8069
26.62833	7989
26.63523	9246
26.64212	8805
26.64902	8323
26.65592	7516
26.66280	6870
26.66970	7195
26.67660	6884
26.68350	7684
26.69038	7063
26.69728	7535
26.70418	6882
26.71108	7228
26.71797	9228
26.72487	10653
26.73177	13266
26.73865	16040
26.74555	18768
26.75245	19990
26.75935	20014
26.76623	16412
26.77313	14446
26.78003	13422
26.78693	13406
26.79382	12725
26.80072	13035
26.80762	11509
26.81450	10690
26.82140	9891
26.82830	9207
26.83520	9293
26.84208	9370
26.84898	9285
26.85588	9293
26.86277	9516
26.86967	8120
26.87657	9065
26.88347	9253
26.89035	9493
26.89725	9407
26.90415	9980
26.91105	9354
26.91793	9330
26.92483	9127
26.93173	8641
26.93862	8438
26.94552	8540
26.95242	7368
26.95932	8128
26.96620	7986
26.97310	8250
26.98000	8443
26.98690	8618
26.99378	9487
27.00068	10151
27.00758	9442
27.01447	8504
27.02137	9067
27.02827	8699
27.03517	7819
27.04205	7648
27.04895	7335
27.05585	7421
27.06273	8001
27.06963	8259
27.07653	8490
27.08343	8298
27.09032	8216
27.09722	8375
27.10412	7612
27.11102	7343
27.11790	8337
27.12480	7827
27.13170	9203
27.13858	7160
27.14548	7390
27.15238	7933
27.15928	7148
27.16617	7473
27.17307	7349
27.17997	7183
27.18687	7594
27.19375	7087
27.20065	8773
27.20755	7042
27.21443	9162
27.22133	8964
27.22823	9792
27.23513	10579
27.24202	11192
27.24892	10141
27.25582	9757
27.26270	9878
27.26960	10299
27.27650	8666
27.28340	8480
27.29028	8644
27.29718	9988
27.30408	8334
27.31098	7814
27.31787	9093
27.32477	8374
27.33167	8175
27.33855	8348
27.34545	8994
27.35235	8340
27.35925	9292
27.36613	10075
27.37303	9552
27.37993	8380
27.38683	10302
27.39372	10957
27.40062	11933
27.40752	13395
27.41440	14705
27.42130	13820
27.42820	13892
27.43510	11313
27.44198	10665
27.44888	9358
27.45578	8087
27.46267	9059
27.46957	8988
27.47647	10166
27.48337	10466
27.49025	12052
27.49715	13095
27.50405	11954
27.51095	13070
27.51783	10906
27.52473	10271
27.53163	9630
27.53852	8816
27.54542	8647
27.55232	7307
27.55922	7217
27.56610	7484
27.57300	8188
27.57990	7677
27.58678	8464
27.59368	9157
27.60058	7439
27.60748	8116
27.61437	8712
27.62127	7743
27.62817	7631
27.63507	6584
27.64195	7648
27.64885	6809
27.65575	6920
27.66263	6481
27.66953	7447
27.67643	6576
27.68333	7493
27.69022	7890
27.69712	6974
27.70402	7116
27.71092	8113
27.71780	7318
27.72470	7386
27.73160	7096
27.73848	6352
27.74538	7198
27.75228	7542
27.75918	8350
27.76607	8806
27.77297	11313
27.77987	12888
27.78675	16902
27.79365	21393
27.80055	22732
27.80745	24594
27.81433	22954
27.82123	20147
27.82813	17080
27.83503	14484
27.84192	11400
27.84882	12159
27.85572	9753
27.86260	8963
27.86950	8201
27.87640	7558
27.88330	7735
27.89018	7589
27.89708	7602
27.90398	7806
27.91088	7201
27.91777	6971
27.92467	7653
27.93157	8202
27.93845	8395
27.94535	7734
27.95225	7889
27.95915	6805
27.96603	7747
27.97293	7372
27.97983	6915
27.98672	8321
27.99362	6963
28.00052	6857
28.00742	8198
28.01430	6778
28.02120	7240
28.02810	7805
28.03500	6795
28.04188	8090
28.04878	6901
28.05568	8105
28.06257	8077
28.06947	7927
28.07637	7262
28.08327	7166
28.09015	7126
28.09705	7551
28.10395	7127
28.11085	7183
28.11773	6968
28.12463	8202
28.13153	7819
28.13842	9950
28.14532	8852
28.15222	7669
28.15912	7527
28.16600	8404
28.17290	7336
28.17980	6961
28.18668	7352
28.19358	8156
28.20048	6875
28.20738	7085
28.21427	7913
28.22117	7005
28.22807	7150
28.23497	7752
28.24185	6972
28.24875	5565
28.25565	6294
28.26253	6840
28.26943	6858
28.27633	6495
28.28323	6410
28.29012	6567
28.29702	8240
28.30392	8266
28.31080	8479
28.31770	7222
28.32460	9780
28.33150	7371
28.33838	7268
28.34528	6862
28.35218	7204
28.35908	7854
28.36597	7548
28.37287	8026
28.37977	6102
28.38665	6887
28.39355	6712
28.40045	7828
28.40735	7053
28.41423	6572
28.42113	7524
28.42803	6793
28.43493	7039
28.44182	7045
28.44872	7338
28.45562	8033
28.46250	9455
28.46940	11292
28.47630	14814
28.48320	17749
28.49008	21283
28.49698	22729
28.50388	25695
28.51077	20646
28.51767	17634
28.52457	16284
28.53147	12735
28.53835	10630
28.54525	10127
28.55215	10086
28.55905	8788
28.56593	9367
28.57283	8611
28.57973	9862
28.58662	9303
28.59352	9590
28.60042	9880
28.60732	11848
28.61420	11705
28.62110	12210
28.62800	13031
28.63490	12042
28.64178	12229
28.64868	11801
28.65558	10457
28.66247	9414
28.66937	8818
28.67627	10378
28.68317	9314
28.69005	10229
28.69695	11658
28.70385	16666
28.71073	22386
28.71763	32606
28.72453	42059
28.73143	55759
28.73832	63675
28.74522	68635
28.75212	70157
28.75902	62052
28.76590	49922
28.77280	36346
28.77970	27915
28.78658	21669
28.79348	15447
28.80038	14484
28.80728	14098
28.81417	15375
28.82107	17911
28.82797	22313
28.83487	28145
28.84175	35870
28.84865	40110
28.85555	40886
28.86243	37126
28.86933	34514
28.87623	24843
28.88313	19997
28.89002	16461
28.89692	14136
28.90382	12814
28.91070	13101
28.91760	13821
28.92450	18220
28.93140	25258
28.93828	30254
28.94518	37442
28.95208	41491
28.95898	43812
28.96587	39542
28.97277	34778
28.97967	28415
28.98655	21291
28.99345	17396
29.00035	14418
29.00725	11617
29.01413	11499
29.02103	10442
29.02793	10817
29.03482	10892
29.04172	10967
29.04862	10197
29.05552	11258
29.06240	9992
29.06930	9021
29.07620	10122
29.08310	8997
29.08998	9646
29.09688	9119
29.10378	9048
29.11067	10347
29.11757	9909
29.12447	10928
29.13137	11107
29.13825	12896
29.14515	13785
29.15205	15984
29.15895	18943
29.16583	19068
29.17273	19198
29.17963	19052
29.18652	22776
29.19342	38642
29.20032	75103
29.20722	144021
29.21410	268133
29.22100	424585
29.22790	604193
29.23478	738193
29.24168	797730
29.24858	748031
29.25548	615659
29.26237	458309
29.26927	309954
29.27617	203897
29.28307	132303
29.28995	89057
29.29685	67823
29.30375	58491
29.31063	55207
29.31753	63172
29.32443	81874
29.33133	102136
29.33822	123800
29.34512	137017
29.35202	138397
29.35892	126925
29.36580	102176
29.37270	81064
29.37960	63378
29.38648	48906
29.39338	39616
29.40028	32441
29.40718	26875
29.41407	21526
29.42097	20726
29.42787	18848
29.43475	18056
29.44165	16167
29.44855	15591
29.45545	14791
29.46233	15194
29.46923	14485
29.47613	14400
29.48303	13173
29.48992	13903
29.49682	13622
29.50372	13029
29.51060	11933
29.51750	12028
29.52440	11868
29.53130	11959
29.53818	11586
29.54508	11036
29.55198	10194
29.55888	9676
29.56577	10492
29.57267	10970
29.57957	9850
29.58645	9011
29.59335	9362
29.60025	8966
29.60715	9445
29.61403	9300
29.62093	11210
29.62783	10747
29.63472	9286
29.64162	8856
29.64852	9427
29.65542	10413
29.66230	10100
29.66920	10084
29.67610	10200
29.68300	9613
29.68988	10369
29.69678	8741
29.70368	8654
29.71057	9255
29.71747	8675
29.72437	8401
29.73127	9093
29.73815	8799
29.74505	10061
29.75195	9401
29.75885	8917
29.76573	8818
29.77263	8170
29.77953	8921
29.78642	8011
29.79332	9014
29.80022	8936
29.80712	8142
29.81400	8218
29.82090	9015
29.82780	10076
29.83468	12748
29.84158	14130
29.84848	16206
29.85538	21906
29.86227	20641
29.86917	22466
29.87607	19935
29.88297	17957
29.88985	18223
29.89675	17186
29.90365	16406
29.91053	16272
29.91743	16310
29.92433	15435
29.93123	17246
29.93812	18974
29.94502	19925
29.95192	24532
29.95882	27811
29.96570	28425
29.97260	29998
29.97950	34884
29.98638	35463
29.99328	34967
30.00018	34746
30.00708	32937
30.01397	28114
30.02087	24588
30.02777	22673
30.03465	19792
30.04155	20014
30.04845	18541
30.05535	17478
30.06223	16700
30.06913	15799
30.07603	16468
30.08293	15391
30.08982	16571
30.09672	16855
30.10362	14699
30.11050	16368
30.11740	15405
30.12430	14566
30.13120	13292
30.13808	16603
30.14498	14729
30.15188	13728
30.15878	14721
30.16567	13650
30.17257	14746
30.17947	14455
30.18635	14377
30.19325	13046
30.20015	14391
30.20705	15392
30.21393	15661
30.22083	15660
30.22773	21503
30.23462	21925
30.24152	23233
30.24842	24124
30.25532	23886
30.26220	20081
30.26910	18741
30.27600	18283
30.28290	16878
30.28978	17550
30.29668	17405
30.30358	18378
30.31047	17694
30.31737	16278
30.32427	17395
30.33117	19049
30.33805	20152
30.34495	22010
30.35185	20778
30.35873	20583
30.36563	19996
30.37253	18242
30.37943	19351
30.38632	18491
30.39322	17359
30.40012	18676
30.40702	15449
30.41390	17233
30.42080	15685
30.42770	14988
30.43458	15227
30.44148	17458
30.44838	17716
30.45528	18000
30.46217	19428
30.46907	18522
30.47597	21463
30.48287	23603
30.48975	23099
30.49665	24963
30.50355	25909
30.51043	24945
30.51733	22462
30.52423	22423
30.53113	20077
30.53802	19694
30.54492	17156
30.55182	17364
30.55870	16733
30.56560	16585
30.57250	15755
30.57940	16248
30.58628	18457
30.59318	19044
30.60008	21195
30.60698	21237
30.61387	21123
30.62077	22331
30.62767	21083
30.63455	20808
30.64145	19775
30.64835	17052
30.65525	16159
30.66213	15906
30.66903	14243
30.67593	14929
30.68283	14559
30.68972	15025
30.69662	13865
30.70352	13641
30.71040	14525
30.71730	15446
30.72420	14749
30.73110	14704
30.73798	14917
30.74488	16106
30.75178	13578
30.75867	13392
30.76557	12637
30.77247	13469
30.77937	13399
30.78625	13800
30.79315	12449
30.80005	13746
30.80695	14346
30.81383	14376
30.82073	15221
30.82763	16193
30.83452	17854
30.84142	21324
30.84832	24464
30.85522	27869
30.86210	29199
30.86900	29151
30.87590	26109
30.88280	23152
30.88968	20536
30.89658	17511
30.90348	17160
30.91037	17565
30.91727	19961
30.92417	23456
30.93107	31098
30.93795	42742
30.94485	58107
30.95175	75218
30.95863	99807
30.96553	117464
30.97243	141016
30.97933	153537
30.98622	153671
30.99312	141639
31.00002	119127
31.00692	90637
31.01380	70918
31.02070	53541
31.02760	42747
31.03448	34584
31.04138	27083
31.04828	24564
31.05518	22223
31.06207	19836
31.06897	20547
31.07587	19061
31.08275	19050
31.08965	18440
31.09655	16632
31.10345	17813
31.11033	18979
31.11723	17864
31.12413	16564
31.13103	16344
31.13792	15107
31.14482	14734
31.15172	13424
31.15860	14146
31.16550	14199
31.17240	15679
31.17930	15372
31.18618	14187
31.19308	14241
31.19998	15266
31.20688	13994
31.21377	15234
31.22067	14608
31.22757	14037
31.23445	15433
31.24135	14314
31.24825	13423
31.25515	14286
31.26203	13767
31.26893	13364
31.27583	13344
31.28272	13507
31.28962	13408
31.29652	14282
31.30342	12595
31.31030	13335
31.31720	13462
31.32410	12314
31.33100	12040
31.33788	11738
31.34478	12499
31.35168	13042
31.35857	12658
31.36547	12133
31.37237	14453
31.37927	15202
31.38615	16484
31.39305	18558
31.39995	20018
31.40685	20932
31.41373	21062
31.42063	19477
31.42753	17495
31.43442	15680
31.44132	15540
31.44822	12106
31.45512	13353
31.46200	12424
31.46890	11564
31.47580	11591
31.48268	11257
31.48958	11075
31.49648	10621
31.50338	12521
31.51027	13704
31.51717	11953
31.52407	11737
31.53097	11798
31.53785	12791
31.54475	11772
31.55165	11926
31.55853	12034
31.56543	11227
31.57233	11713
31.57923	12009
31.58612	11538
31.59302	12761
31.59992	11053
31.60682	10171
31.61370	10903
31.62060	11046
31.62750	12098
31.63438	11398
31.64128	11420
31.64818	11231
31.65508	11811
31.66197	11761
31.66887	12095
31.67577	11147
31.68265	11730
31.68955	11525
31.69645	9588
31.70335	11226
31.71023	11448
31.71713	12540
31.72403	11438
31.73093	11889
31.73782	14657
31.74472	13919
31.75162	14212
31.75850	13565
31.76540	14263
31.77230	15005
31.77920	15202
31.78608	15511
31.79298	14560
31.79988	13750
31.80677	12921
31.81367	12092
31.82057	12202
31.82747	11732
31.83435	10330
31.84125	10791
31.84815	10933
31.85505	11113
31.86193	11839
31.86883	12176
31.87573	11540
31.88262	11292
31.88952	11681
31.89642	12235
31.90332	13091
31.91020	12173
31.91710	13507
31.92400	12731
31.93090	13885
31.93778	14308
31.94468	14920
31.95158	15652
31.95847	16718
31.96537	28390
31.97227	51458
31.97917	100041
31.98605	187326
31.99295	352627
31.99985	573417
32.00673	939722
32.01363	1480824
32.02053	2276135
32.02743	3508713
32.03432	5035504
32.04122	6771629
32.04812	8411113
32.05502	9551767
32.06190	9693519
32.06880	8186704
32.07570	5302743
32.08258	2960521
32.08948	1708657
32.09638	1139844
32.10328	861654
32.11017	733792
32.11707	673339
32.12397	631727
32.13087	586722
32.13775	543554
32.14465	487668
32.15155	445092
32.15843	429579
32.16533	449888
32.17223	563575
32.17913	792911
32.18602	1167768
32.19292	1706128
32.19982	2241130
32.20670	2660081
32.21360	2889888
32.22050	2794756
32.22740	2327078
32.23428	1786422
32.24118	1290408
32.24808	915583
32.25498	651013
32.26187	481896
32.26877	374178
32.27567	319536
32.28255	320931
32.28945	403852
32.29635	590900
32.30325	891964
32.31013	1293158
32.31703	1784797
32.32393	2158282
32.33083	2332702
32.33772	2200340
32.34462	1866540
32.35152	1403505
32.35840	973526
32.36530	651842
32.37220	440829
32.37910	314631
32.38598	239545
32.39288	195392
32.39978	167728
32.40667	146476
32.41357	133835
32.42047	120579
32.42737	112234
32.43425	109735
32.44115	107992
32.44805	104668
32.45495	106503
32.46183	104831
32.46873	103203
32.47563	98390
32.48252	96047
32.48942	92624
32.49632	93891
32.50322	93949
32.51010	89409
32.51700	83891
32.52390	81950
32.53080	78823
32.53768	76172
32.54458	77325
32.55148	83062
32.55837	91293
32.56527	95639
32.57217	98004
32.57907	103248
32.58595	104596
32.59285	101644
32.59975	109964
32.60663	143172
32.61353	225072
32.62043	404302
32.62733	767865
32.63422	1412738
32.64112	2357533
32.64802	3598455
32.65492	5064976
32.66180	6817661
32.66870	8574622
32.67560	1.011929E+07
32.68248	1.19702E+07
32.68938	1.32316E+07
32.69628	1.447376E+07
32.70318	1.545037E+07
32.71007	1.619288E+07
32.71697	1.684586E+07
32.72387	1.541069E+07
32.73077	1.039779E+07
32.73765	4753815
32.74455	2010584
32.75145	1014270
32.75833	627326
32.76523	440500
32.77213	338156
32.77903	267838
32.78592	224280
32.79282	196280
32.79972	171073
32.80660	155832
32.81350	146773
32.82040	139284
32.82730	131370
32.83418	122101
32.84108	110641
32.84798	103373
32.85488	96119
32.86177	88187
32.86867	79702
32.87557	75559
32.88245	69530
32.88935	69831
32.89625	65917
32.90315	63217
32.91003	60377
32.91693	57865
32.92383	54838
32.93073	54517
32.93762	51969
32.94452	50092
32.95142	48462
32.95830	46917
32.96520	43656
32.97210	42073
32.97900	42297
32.98588	42183
32.99278	40452
32.99968	40365
33.00657	37164
33.01347	37165
33.02037	36946
33.02727	35784
33.03415	36203
33.04105	32464
33.04795	33675
33.05485	31681
33.06173	33183
33.06863	32598
33.07553	33597
33.08242	32525
33.08932	33054
33.09622	35956
33.10312	36608
33.11000	34403
33.11690	32985
33.12380	29748
33.13068	30463
33.13758	30116
33.14448	30050
33.15138	28366
33.15827	28523
33.16517	29525
33.17207	30660
33.17897	30927
33.18585	32921
33.19275	32771
33.19965	32955
33.20653	33319
33.21343	33788
33.22033	33305
33.22723	32773
33.23412	32364
33.24102	34420
33.24792	31950
33.25482	33576
33.26170	31722
33.26860	30478
33.27550	27915
33.28238	27987
33.28928	26590
33.29618	26348
33.30308	26101
33.30997	23982
33.31687	23934
33.32377	25084
33.33065	24156
33.33755	25520
33.34445	27004
33.35135	25867
33.35823	25623
33.36513	25281
33.37203	22833
33.37893	21794
33.38582	23363
33.39272	22729
33.39962	21098
33.40650	21300
33.41340	20044
33.42030	20522
33.42720	21432
33.43408	19566
33.44098	21119
33.44788	20024
33.45478	21599
33.46167	21294
33.46857	22329
33.47547	21195
33.48235	19608
33.48925	22525
33.49615	22525
33.50305	22003
33.50993	23090
33.51683	21465
33.52373	20284
33.53062	20596
33.53752	19733
33.54442	20098
33.55132	19120
33.55820	19831
33.56510	18924
33.57200	20350
33.57890	18535
33.58578	19105
33.59268	18884
33.59958	19516
33.60647	18394
33.61337	20970
33.62027	19332
33.62717	19570
33.63405	19075
33.64095	18838
33.64785	20514
33.65475	20341
33.66163	19243
33.66853	18609
33.67543	19492
33.68232	19185
33.68922	18694
33.69612	19824
33.70302	17818
33.70990	19040
33.71680	18104
33.72370	19070
33.73058	19292
33.73748	19552
33.74438	21441
33.75128	21984
33.75817	21343
33.76507	22882
33.77197	23557
33.77887	23199
33.78575	24238
33.79265	25565
33.79955	31849
33.80643	35998
33.81333	43619
33.82023	51719
33.82713	60238
33.83402	64852
33.84092	63226
33.84782	59659
33.85470	55526
33.86160	49319
33.86850	45686
33.87540	42772
33.88228	40108
33.88918	38580
33.89608	35391
33.90298	34190
33.90987	31926
33.91677	31390
33.92367	33078
33.93055	37523
33.93745	40537
33.94435	47754
33.95125	48825
33.95813	49474
33.96503	47118
33.97193	45538
33.97883	38743
33.98572	34714
33.99262	31108
33.99952	29393
34.00640	30698
34.01330	34268
34.02020	41465
34.02710	46844
34.03398	54152
34.04088	58084
34.04778	60977
34.05467	61608
34.06157	53717
34.06847	48631
34.07537	40377
34.08225	34576
34.08915	33406
34.09605	30853
34.10295	26891
34.10983	25947
34.11673	26042
34.12363	23482
34.13052	24649
34.13742	23025
34.14432	23963
34.15122	22815
34.15810	20766
34.16500	23179
34.17190	23044
34.17880	22005
34.18568	21240
34.19258	22057
34.19948	20354
34.20637	23961
34.21327	30637
34.22017	41379
34.22707	65524
34.23395	111544
34.24085	177451
34.24775	265630
34.25463	371315
34.26153	454035
34.26843	504209
34.27533	494578
34.28222	432660
34.28912	347241
34.29602	264802
34.30292	206463
34.30980	153411
34.31670	119437
34.32360	96481
34.33048	81473
34.33738	69652
34.34428	61124
34.35118	53271
34.35807	49849
34.36497	44390
34.37187	41328
34.37877	39931
34.38565	36320
34.39255	37601
34.39945	34115
34.40633	32201
34.41323	30816
34.42013	31544
34.42703	28329
34.43392	28100
34.44082	26241
34.44772	26566
34.45460	24448
34.46150	25759
34.46840	26295
34.47530	24134
34.48218	23912
34.48908	25329
34.49598	23804
34.50288	24499
34.50977	24805
34.51667	23570
34.52357	21775
34.53045	21760
34.53735	21687
34.54425	20960
34.55115	21596
34.55803	21844
34.56493	24047
34.57183	23796
34.57872	23970
34.58562	24408
34.59252	22357
34.59942	22931
34.60630	21323
34.61320	22480
34.62010	19682
34.62700	22697
34.63388	21479
34.64078	21239
34.64768	19179
34.65457	20091
34.66147	19755
34.66837	19544
34.67527	19817
34.68215	20443
34.68905	20276
34.69595	22184
34.70285	24255
34.70973	23499
34.71663	25143
34.72353	25749
34.73042	28373
34.73732	26164
34.74422	22532
34.75112	22817
34.75800	20562
34.76490	20895
34.77180	20636
34.77868	18911
34.78558	19083
34.79248	18710
34.79938	20319
34.80627	20072
34.81317	20804
34.82007	20226
34.82697	21816
34.83385	22308
34.84075	18650
34.84765	21136
34.85453	19448
34.86143	20798
34.86833	16970
34.87523	19082
34.88212	17105
34.88902	17343
34.89592	18765
34.90282	17809
34.90970	17157
34.91660	18212
34.92350	16658
34.93038	17700
34.93728	15990
34.94418	16603
34.95108	18467
34.95797	16953
34.96487	18819
34.97177	17095
34.97865	16852
34.98555	18378
34.99245	20385
34.99935	20907
35.00623	20991
35.01313	21961
35.02003	21837
35.02693	21289
35.03382	19911
35.04072	19256
35.04762	18491
35.05450	18460
35.06140	17094
35.06830	17152
35.07520	17259
35.08208	17295
35.08898	16929
35.09588	17390
35.10278	16440
35.10967	16005
35.11657	16734
35.12347	17170
35.13035	17182
35.13725	16995
35.14415	18900
35.15105	18289
35.15793	17885
35.16483	16970
35.17173	17816
35.17862	17741
35.18552	17099
35.19242	17580
35.19932	17125
35.20620	17359
35.21310	20815
35.22000	23843
35.22690	24720
35.23378	28596
35.24068	30166
35.24758	34614
35.25447	35057
35.26137	34273
35.26827	40308
35.27517	40747
35.28205	44440
35.28895	46614
35.29585	47016
35.30275	54824
35.30963	71658
35.31653	92490
35.32343	125086
35.33032	160302
35.33722	187919
35.34412	214580
35.35102	227871
35.35790	251082
35.36480	294850
35.37170	381543
35.37858	565382
35.38548	862177
35.39238	1239376
35.39928	1690331
35.40617	2121793
35.41307	2414086
35.41997	2506333
35.42687	2270091
35.43375	1884875
35.44065	1432908
35.44755	1077697
35.45443	825537
35.46133	659715
35.46823	572408
35.47513	519106
35.48202	506615
35.48892	545472
35.49582	668877
35.50272	885494
35.50960	1237793
35.51650	1717536
35.52340	2220207
35.53028	2595793
35.53718	2700638
35.54408	2536629
35.55098	2120863
35.55787	1632624
35.56477	1182017
35.57167	852332
35.57855	615879
35.58545	473763
35.59235	386279
35.59925	313962
35.60613	266559
35.61303	226578
35.61993	189271
35.62683	167563
35.63372	150333
35.64062	136450
35.64752	124730
35.65440	117767
35.66130	111900
35.66820	108733
35.67510	108458
35.68198	102000
35.68888	103877
35.69578	104224
35.70267	100121
35.70957	96481
35.71647	95439
35.72337	96122
35.73025	98929
35.73715	103659
35.74405	107698
35.75095	113200
35.75783	134942
35.76473	183855
35.77163	294827
35.77852	513960
35.78542	918052
35.79232	1578103
35.79922	2515721
35.80610	3777317
35.81300	5261027
35.81990	6894243
35.82680	8563021
35.83368	1.033686E+07
35.84058	1.215804E+07
35.84748	1.372473E+07
35.85437	1.482615E+07
35.86127	1.578432E+07
35.86817	1.566471E+07
35.87507	1.39238E+07
35.88195	9675359
35.88885	5224178
35.89575	2732732
35.90263	1615029
35.90953	1093604
35.91643	807521
35.92333	628215
35.93022	512682
35.93712	425900
35.94402	360311
35.95092	315793
35.95780	271926
35.96470	246785
35.97160	221326
35.97848	200049
35.98538	185480
35.99228	174782
35.99918	165695
36.00607	164530
36.01297	154427
36.01987	145866
36.02677	140607
36.03365	131564
36.04055	119784
36.04745	108565
36.05433	104320
36.06123	96032
36.06813	93254
36.07503	87384
36.08192	83703
36.08882	81299
36.09572	75868
36.10260	71666
36.10950	69196
36.11640	64303
36.12330	63555
36.13018	60058
36.13708	57456
36.14398	57564
36.15088	54985
36.15777	53847
36.16467	50530
36.17157	50705
36.17845	49500
36.18535	47606
36.19225	43641
36.19915	45807
36.20603	43578
36.21293	42817
36.21983	43058
36.22673	40080
36.23362	40112
36.24052	41296
36.24742	38562
36.25430	43657
36.26120	43980
36.26810	47863
36.27500	52546
36.28188	56322
36.28878	61594
36.29568	61821
36.30257	64939
36.30947	66435
36.31637	66257
36.32327	69043
36.33015	67269
36.33705	62336
36.34395	61303
36.35085	56319
36.35773	51670
36.36463	47762
36.37153	44894
36.37842	42539
36.38532	40686
36.39222	39408
36.39912	37156
36.40600	35848
36.41290	36417
36.41980	33053
36.42670	32747
36.43358	29751
36.44048	30624
36.44738	31044
36.45427	32495
36.46117	30234
36.46807	27927
36.47497	31073
36.48185	28198
36.48875	30325
36.49565	31831
36.50253	29069
36.50943	28749
36.51633	27876
36.52323	26998
36.53012	28557
36.53702	28374
36.54392	26476
36.55082	29295
36.55770	28777
36.56460	31032
36.57150	30289
36.57838	31309
36.58528	31196
36.59218	28741
36.59908	29600
36.60597	27313
36.61287	27834
36.61977	25059
36.62665	26663
36.63355	25155
36.64045	25870
36.64735	25776
36.65423	25390
36.66113	24658
36.66803	25695
36.67493	24705
36.68182	24128
36.68872	24246
36.69562	23674
36.70250	24357
36.70940	22599
36.71630	22705
36.72320	24738
36.73008	24946
36.73698	23666
36.74388	24086
36.75078	24026
36.75767	24282
36.76457	24405
36.77147	25060
36.77835	24024
36.78525	23041
36.79215	23615
36.79905	23596
36.80593	22724
36.81283	23182
36.81973	22740
36.82662	22297
36.83352	23878
36.84042	24894
36.84732	24371
36.85420	25887
36.86110	26577
36.86800	27759
36.87490	30815
36.88178	33922
36.88868	36467
36.89558	41594
36.90247	47181
36.90937	54762
36.91627	58715
36.92317	57662
36.93005	57252
36.93695	53262
36.94385	48827
36.95075	46088
36.95763	41272
36.96453	41355
36.97143	41808
36.97832	42927
36.98522	45241
36.99212	45763
36.99902	49595
37.00590	52536
37.01280	55481
37.01970	53338
37.02658	52901
37.03348	55960
37.04038	52506
37.04728	48549
37.05417	44138
37.06107	39125
37.06797	38616
37.07487	35110
37.08175	32300
37.08865	29627
37.09555	29038
37.10243	30132
37.10933	28622
37.11623	28380
37.12313	27471
37.13002	26588
37.13692	25814
37.14382	27808
37.15072	26118
37.15760	24600
37.16450	24774
37.17140	23735
37.17828	25671
37.18518	24432
37.19208	25392
37.19898	27445
37.20587	24693
37.21277	26837
37.21967	26642
37.22655	24993
37.23345	25420
37.24035	27480
37.24725	25700
37.25413	34677
37.26103	47069
37.26793	67551
37.27483	97261
37.28172	140157
37.28862	185706
37.29552	231100
37.30240	253586
37.30930	260924
37.31620	247241
37.32310	215975
37.32998	176450
37.33688	147350
37.34378	121573
37.35067	102644
37.35757	88577
37.36447	76065
37.37137	66925
37.37825	63503
37.38515	58270
37.39205	55160
37.39895	51877
37.40583	48455
37.41273	44946
37.41963	43657
37.42652	40553
37.43342	41331
37.44032	39348
37.44722	37128
37.45410	34988
37.46100	33218
37.46790	32755
37.47480	32768
37.48168	32710
37.48858	33002
37.49548	30427
37.50237	30235
37.50927	30482
37.51617	31810
37.52307	29587
37.52995	28291
37.53685	27267
37.54375	26402
37.55063	26622
37.55753	27234
37.56443	25215
37.57133	24762
37.57822	26239
37.58512	24377
37.59202	25226
37.59892	24765
37.60580	26568
37.61270	25621
37.61960	24655
37.62648	23877
37.63338	22196
37.64028	22795
37.64718	25569
37.65407	22799
37.66097	23400
37.66787	24013
37.67477	23469
37.68165	20971
37.68855	25359
37.69545	25254
37.70233	25669
37.70923	25423
37.71613	28256
37.72303	29190
37.72992	31665
37.73682	31201
37.74372	33289
37.75060	32986
37.75750	34714
37.76440	38576
37.77130	44341
37.77818	44294
37.78508	47514
37.79198	47365
37.79888	46068
37.80577	42423
37.81267	40726
37.81957	36422
37.82645	33738
37.83335	31011
37.84025	30696
37.84715	27843
37.85403	27508
37.86093	27586
37.86783	29498
37.87473	27650
37.88162	27912
37.88852	28063
37.89542	28887
37.90230	26214
37.90920	24137
37.91610	25063
37.92300	27012
37.92988	27573
37.93678	29922
37.94368	36008
37.95057	40505
37.95747	46343
37.96437	46686
37.97127	46796
37.97815	42527
37.98505	41066
37.99195	35209
37.99885	31919
38.00573	30889
38.01263	27552
38.01953	28012
38.02642	27044
38.03332	27443
38.04022	24871
38.04712	25185
38.05400	24797
38.06090	25614
38.06780	25270
38.07470	22678
38.08158	22960
38.08848	23041
38.09538	23037
38.10227	22741
38.10917	22565
38.11607	21877
38.12297	21615
38.12985	22727
38.13675	21784
38.14365	22597
38.15053	23616
38.15743	22224
38.16433	23385
38.17123	25019
38.17812	25673
38.18502	27524
38.19192	29036
38.19882	29288
38.20570	32808
38.21260	32488
38.21950	30906
38.22638	29490
38.23328	31367
38.24018	27769
38.24708	27300
38.25397	28212
38.26087	30157
38.26777	28557
38.27467	31374
38.28155	33260
38.28845	37454
38.29535	42538
38.30223	51300
38.30913	63451
38.31603	79710
38.32293	99985
38.32982	124874
38.33672	155869
38.34362	202381
38.35050	261890
38.35740	352557
38.36430	473854
38.37120	610451
38.37808	747345
38.38498	831935
38.39188	861826
38.39878	821360
38.40567	711199
38.41257	584683
38.41947	478475
38.42635	393100
38.43325	337112
38.44015	308550
38.44705	305160
38.45393	325577
38.46083	379381
38.46773	461999
38.47462	577887
38.48152	744765
38.48842	916693
38.49532	1070225
38.50220	1163748
38.50910	1135500
38.51600	1025320
38.52290	859581
38.52978	695814
38.53668	551765
38.54358	447798
38.55047	368970
38.55737	303412
38.56427	259421
38.57117	228290
38.57805	202394
38.58495	181655
38.59185	165235
38.59875	149613
38.60563	139270
38.61253	130642
38.61943	127224
38.62632	126186
38.63322	125610
38.64012	127726
38.64702	135693
38.65390	136835
38.66080	141041
38.66770	140192
38.67458	144268
38.68148	152459
38.68838	181123
38.69528	243111
38.70217	363944
38.70907	582302
38.71597	950036
38.72287	1513105
38.72975	2334139
38.73665	3421907
38.74355	4750170
38.75043	5976066
38.75733	7030602
38.76423	7860517
38.77113	7956292
38.77802	6958991
38.78492	5126554
38.79182	3430390
38.79872	2315004
38.80560	1626687
38.81250	1215912
38.81940	953718
38.82628	775162
38.83318	646950
38.84008	551965
38.84698	487382
38.85387	423822
38.86077	378001
38.86767	342104
38.87455	306174
38.88145	276701
38.88835	254480
38.89525	233637
38.90213	213364
38.90903	197098
38.91593	186182
38.92283	179003
38.92972	162610
38.93662	159200
38.94352	151693
38.95040	144349
38.95730	142611
38.96420	137880
38.97110	134349
38.97798	126778
38.98488	121969
38.99178	114381
38.99868	109062
39.00557	105022
39.01247	97497
39.01937	89963
39.02625	88061
39.03315	87007
39.04005	82620
39.04695	80008
39.05383	79055
39.06073	78941
39.06763	74314
39.07452	72356
39.08142	71360
39.08832	67787
39.09522	65491
39.10210	63827
39.10900	60380
39.11590	59121
39.12280	55752
39.12968	56382
39.13658	56758
39.14348	55910
39.15037	58147
39.15727	61830
39.16417	69855
39.17107	77361
39.17795	79747
39.18485	88759
39.19175	95133
39.19865	97706
39.20553	95727
39.21243	91791
39.21933	92823
39.22622	85574
39.23312	83527
39.24002	78248
39.24692	77141
39.25380	71757
39.26070	67122
39.26760	64828
39.27448	62309
39.28138	58304
39.28828	55172
39.29518	52684
39.30207	53047
39.30897	48926
39.31587	47817
39.32277	47282
39.32965	48754
39.33655	46533
39.34345	45027
39.35033	42848
39.35723	43041
39.36413	41709
39.37103	41451
39.37792	41271
39.38482	41435
39.39172	41012
39.39860	42445
39.40550	40044
39.41240	42040
39.41930	40810
39.42618	43094
39.43308	42581
39.43998	44213
39.44688	44681
39.45377	45133
39.46067	46066
39.46757	45482
39.47445	45439
39.48135	41365
39.48825	41069
39.49515	40061
39.50203	37521
39.50893	37206
39.51583	35468
39.52273	37709
39.52962	35828
39.53652	33576
39.54342	34921
39.55030	33249
39.55720	34997
39.56410	34502
39.57100	35010
39.57788	33726
39.58478	33691
39.59168	33109
39.59857	32986
39.60547	33485
39.61237	32708
39.61927	33987
39.62615	32889
39.63305	34387
39.63995	32634
39.64685	33137
39.65373	32229
39.66063	31334
39.66753	31896
39.67442	30548
39.68132	29962
39.68822	30893
39.69512	31957
39.70200	31233
39.70890	30435
39.71580	29427
39.72270	30637
39.72958	30815
39.73648	35362
39.74338	40584
39.75027	48392
39.75717	63972
39.76407	90189
39.77097	123552
39.77785	168506
39.78475	211442
39.79165	261020
39.79853	297491
39.80543	321609
39.81233	316946
39.81923	303919
39.82612	282505
39.83302	265343
39.83992	242653
39.84682	219932
39.85370	201830
39.86060	178603
39.86750	156798
39.87438	136286
39.88128	119005
39.88818	104821
39.89508	95207
39.90197	85784
39.90887	80904
39.91577	73069
39.92267	68416
39.92955	67249
39.93645	63140
39.94335	61525
39.95023	58001
39.95713	54321
39.96403	52428
39.97093	48579
39.97782	48763
39.98472	45914
39.99162	45623
39.99850	47768
40.00540	44521
40.01230	42173
40.01920	42919
40.02608	43450
40.03298	39426
40.03988	40253
40.04678	39231
40.05367	41439
40.06057	38592
40.06747	42410
40.07435	41492
40.08125	44958
40.08815	48612
40.09505	54962
40.10193	63422
40.10883	69379
40.11573	73747
40.12262	77331
40.12952	76666
40.13642	71586
40.14332	66419
40.15020	60379
40.15710	53596
40.16400	51448
40.17090	46546
40.17778	45091
40.18468	45970
40.19158	42879
40.19847	42624
40.20537	40323
40.21227	39891
40.21917	40579
40.22605	41204
40.23295	39745
40.23985	40710
40.24675	40482
40.25363	38428
40.26053	37276
40.26743	35775
40.27432	35956
40.28122	35233
40.28812	37034
40.29502	34670
40.30190	34827
40.30880	37054
40.31570	33918
40.32258	34856
40.32948	34528
40.33638	35079
40.34328	33588
40.35017	34727
40.35707	34630
40.36397	33041
40.37087	33378
40.37775	32861
40.38465	32564
40.39155	32019
40.39843	31907
40.40533	30364
40.41223	32544
40.41913	30545
40.42602	32129
40.43292	32395
40.43982	31677
40.44672	30094
40.45360	31121
40.46050	32860
40.46740	32895
40.47428	30736
40.48118	32146
40.48808	34241
40.49498	32317
40.50187	33674
40.50877	36274
40.51567	37888
40.52255	42379
40.52945	44715
40.53635	47385
40.54325	46572
40.55013	45912
40.55703	44104
40.56393	41939
40.57083	41795
40.57772	39387
40.58462	38345
40.59152	40156
40.59840	43829
40.60530	50237
40.61220	57739
40.61910	61984
40.62598	70264
40.63288	74139
40.63978	71311
40.64668	66107
40.65357	59504
40.66047	51026
40.66737	45719
40.67425	40919
40.68115	41392
40.68805	37524
40.69495	36151
40.70183	34170
40.70873	33764
40.71563	34803
40.72252	33809
40.72942	32611
40.73632	33422
40.74322	36557
40.75010	34333
40.75700	37633
40.76390	44395
40.77080	45744
40.77768	47116
40.78458	47722
40.79148	45608
40.79837	44315
40.80527	39723
40.81217	38598
40.81907	37318
40.82595	33895
40.83285	35415
40.83975	34820
40.84665	33102
40.85353	33405
40.86043	32941
40.86733	32246
40.87422	33727
40.88112	32792
40.88802	33520
40.89492	31263
40.90180	33579
40.90870	31275
40.91560	31753
40.92248	32260
40.92938	32617
40.93628	32922
40.94318	32466
40.95007	33927
40.95697	36399
40.96387	40025
40.97077	39334
40.97765	40614
40.98455	41535
40.99145	40374
40.99833	43569
41.00523	39153
41.01213	41472
41.01903	37485
41.02592	39499
41.03282	38906
41.03972	39477
41.04662	37284
41.05350	37246
41.06040	40450
41.06730	40152
41.07418	42516
41.08108	43677
41.08798	47628
41.09488	55366
41.10177	65601
41.10867	77512
41.11557	89037
41.12245	108121
41.12935	127755
41.13625	150105
41.14315	163702
41.15003	175202
41.15693	174128
41.16383	171953
41.17073	161606
41.17762	150908
41.18452	142016
41.19142	138362
41.19830	135303
41.20520	135129
41.21210	131506
41.21900	128752
41.22588	127345
41.23278	124829
41.23968	127714
41.24657	127428
41.25347	128998
41.26037	127928
41.26727	118829
41.27415	106494
41.28105	96231
41.28795	84520
41.29485	76717
41.30173	72359
41.30863	63282
41.31553	59526
41.32242	58710
41.32932	56721
41.33622	53997
41.34312	53388
41.35000	50988
41.35690	51662
41.36380	52357
41.37070	54404
41.37758	53700
41.38448	58069
41.39138	61067
41.39827	66402
41.40517	70926
41.41207	78670
41.41897	94620
41.42585	132621
41.43275	189840
41.43965	262828
41.44653	373460
41.45343	502442
41.46033	642014
41.46723	728970
41.47412	792662
41.48102	772845
41.48792	716638
41.49482	600537
41.50170	499408
41.50860	407419
41.51550	343505
41.52238	286308
41.52928	251677
41.53618	222567
41.54308	205860
41.54997	179839
41.55687	168990
41.56377	155049
41.57067	145826
41.57755	138186
41.58445	128353
41.59135	119803
41.59823	115310
41.60513	106641
41.61203	104557
41.61893	98913
41.62582	93380
41.63272	91374
41.63962	89220
41.64650	86897
41.65340	81728
41.66030	76849
41.66720	79190
41.67408	75904
41.68098	73846
41.68788	72286
41.69478	68129
41.70167	70657
41.70857	70268
41.71547	70985
41.72235	68480
41.72925	67278
41.73615	65958
41.74305	63580
41.74993	60798
41.75683	59424
41.76373	57993
41.77063	55440
41.77752	54500
41.78442	55593
41.79132	52933
41.79820	53447
41.80510	53594
41.81200	52081
41.81890	53295
41.82578	51981
41.83268	56764
41.83958	57413
41.84647	60447
41.85337	61793
41.86027	65190
41.86717	67340
41.87405	66956
41.88095	64980
41.88785	64977
41.89475	61627
41.90163	58742
41.90853	57038
41.91543	56453
41.92232	53965
41.92922	53545
41.93612	52199
41.94302	52681
41.94990	51025
41.95680	48951
41.96370	50953
41.97060	50254
41.97748	49339
41.98438	50293
41.99128	51619
41.99817	48766
42.00507	47048
42.01197	45970
42.01887	45447
42.02575	46732
42.03265	42788
42.03955	42071
42.04643	43961
42.05333	42671
42.06023	43438
42.06713	43527
42.07402	41972
42.08092	44466
42.08782	41678
42.09472	43962
42.10160	45920
42.10850	44731
42.11540	43823
42.12228	44298
42.12918	42718
42.13608	42410
42.14298	42957
42.14987	40965
42.15677	40158
42.16367	41051
42.17055	39556
42.17745	40500
42.18435	40498
42.19125	39637
42.19813	43142
42.20503	40242
42.21193	42066
42.21883	41151
42.22572	41699
42.23262	42038
42.23952	41382
42.24640	40616
42.25330	39963
42.26020	39291
42.26710	41313
42.27398	40585
42.28088	39543
42.28778	40466
42.29468	39237
42.30157	40507
42.30847	44367
42.31537	45473
42.32225	48434
42.32915	50222
42.33605	51368
42.34295	56096
42.34983	53318
42.35673	50301
42.36363	49787
42.37052	45335
42.37742	45350
42.38432	43534
42.39122	44416
42.39810	43111
42.40500	43015
42.41190	39584
42.41880	42942
42.42568	40763
42.43258	41831
42.43948	41155
42.44637	41001
42.45327	48146
42.46017	53679
42.46707	62187
42.47395	71529
42.48085	88216
42.48775	105778
42.49465	121245
42.50153	137888
42.50843	154580
42.51533	160486
42.52222	158648
42.52912	156624
42.53602	157968
42.54292	159141
42.54980	156679
42.55670	160231
42.56360	151869
42.57048	146516
42.57738	131986
42.58428	118606
42.59118	102921
42.59807	91314
42.60497	79012
42.61187	74339
42.61877	69330
42.62565	65010
42.63255	64701
42.63945	65806
42.64633	60619
42.65323	60665
42.66013	57785
42.66703	57003
42.67392	55616
42.68082	54409
42.68772	52192
42.69462	51501
42.70150	52295
42.70840	52502
42.71530	52017
42.72218	55842
42.72908	59239
42.73598	65902
42.74288	74111
42.74977	80001
42.75667	83128
42.76357	87740
42.77045	84033
42.77735	81519
42.78425	73269
42.79115	66428
42.79803	63054
42.80493	58912
42.81183	53929
42.81873	51639
42.82562	51001
42.83252	51263
42.83942	50364
42.84630	50498
42.85320	48029
42.86010	48342
42.86700	47019
42.87388	45784
42.88078	44856
42.88768	45927
42.89457	49404
42.90147	46044
42.90837	47493
42.91527	44598
42.92215	46040
42.92905	44823
42.93595	45494
42.94285	44382
42.94973	45433
42.95663	45840
42.96353	43837
42.97042	43864
42.97732	43377
42.98422	45403
42.99112	45782
42.99800	45098
43.00490	44488
43.01180	43484
43.01870	43453
43.02558	43335
43.03248	42836
43.03938	44470
43.04627	43617
43.05317	41709
43.06007	40733
43.06697	41733
43.07385	42816
43.08075	41362
43.08765	42911
43.09453	42062
43.10143	42906
43.10833	43650
43.11523	42874
43.12212	45532
43.12902	43769
43.13592	43759
43.14282	42449
43.14970	44279
43.15660	42814
43.16350	44523
43.17038	44221
43.17728	44565
43.18418	42253
43.19108	45643
43.19797	44864
43.20487	40935
43.21177	42056
43.21867	44766
43.22555	44886
43.23245	44734
43.23935	44207
43.24623	43194
43.25313	45501
43.26003	49599
43.26693	54055
43.27382	58778
43.28072	59213
43.28762	62415
43.29450	63311
43.30140	60319
43.30830	57632
43.31520	54185
43.32208	50675
43.32898	47866
43.33588	45126
43.34278	45362
43.34967	44339
43.35657	45185
43.36347	43205
43.37035	44613
43.37725	42621
43.38415	44230
43.39105	46310
43.39793	45859
43.40483	48245
43.41173	48744
43.41863	48593
43.42552	50260
43.43242	49373
43.43932	46812
43.44620	48900
43.45310	48992
43.46000	46501
43.46690	45282
43.47378	49423
43.48068	51471
43.48758	53405
43.49447	52628
43.50137	53509
43.50827	54017
43.51517	55821
43.52205	55722
43.52895	52566
43.53585	51566
43.54275	50054
43.54963	47670
43.55653	48858
43.56343	47623
43.57032	46829
43.57722	46535
43.58412	47542
43.59102	50602
43.59790	50691
43.60480	53456
43.61170	52627
43.61860	55435
43.62548	54239
43.63238	56709
43.63928	57707
43.64617	56761
43.65307	60070
43.65997	62708
43.66687	69707
43.67375	76387
43.68065	88116
43.68755	95270
43.69443	101739
43.70133	105986
43.70823	109216
43.71513	103241
43.72202	95303
43.72892	89703
43.73582	79184
43.74272	75117
43.74960	77799
43.75650	76517
43.76340	86049
43.77028	96759
43.77718	108112
43.78408	123464
43.79098	136081
43.79787	139184
43.80477	137629
43.81167	122808
43.81857	111750
43.82545	100381
43.83235	94761
43.83925	85205
43.84613	79194
43.85303	76275
43.85993	74234
43.86683	72504
43.87372	69995
43.88062	65979
43.88752	62775
43.89440	62751
43.90130	64445
43.90820	58861
43.91510	60933
43.92198	57889
43.92888	58656
43.93578	57591
43.94268	56439
43.94957	56593
43.95647	57684
43.96337	59609
43.97025	65148
43.97715	79181
43.98405	97961
43.99095	124220
43.99783	152043
44.00473	192626
44.01163	219970
44.01852	241466
44.02542	246460
44.03232	226853
44.03922	202433
44.04610	170997
44.05300	144225
44.05990	124429
44.06680	109657
44.07368	97511
44.08058	94091
44.08748	92353
44.09437	91323
44.10127	85699
44.10817	84684
44.11507	80519
44.12195	75580
44.12885	76491
44.13575	75684
44.14265	71020
44.14953	71621
44.15643	68693
44.16333	69179
44.17022	67287
44.17712	66255
44.18402	67039
44.19092	64477
44.19780	65072
44.20470	66912
44.21160	62431
44.21848	63265
44.22538	60589
44.23228	62870
44.23918	60737
44.24607	60555
44.25297	59947
44.25987	60434
44.26677	56707
44.27365	59144
44.28055	59960
44.28745	59378
44.29433	60611
44.30123	61238
44.30813	59619
44.31503	57109
44.32192	57366
44.32882	57955
44.33572	58225
44.34262	56237
44.34950	57043
44.35640	58410
44.36330	57610
44.37018	60363
44.37708	58229
44.38398	59408
44.39088	56053
44.39777	59947
44.40467	55750
44.41157	61838
44.41845	60062
44.42535	63239
44.43225	66455
44.43915	71518
44.44603	74034
44.45293	75923
44.45983	76689
44.46673	76451
44.47362	74005
44.48052	69457
44.48742	69378
44.49430	65226
44.50120	62234
44.50810	61669
44.51500	59214
44.52188	61741
44.52878	59534
44.53568	61618
44.54258	58602
44.54947	61932
44.55637	61048
44.56327	58344
44.57015	58005
44.57705	62220
44.58395	60681
44.59085	61082
44.59773	56165
44.60463	58947
44.61153	58720
44.61842	58300
44.62532	56721
44.63222	57631
44.63912	56749
44.64600	58457
44.65290	57588
44.65980	59959
44.66670	56835
44.67358	55675
44.68048	57675
44.68738	55006
44.69427	57691
44.70117	58343
44.70807	55758
44.71497	55882
44.72185	55029
44.72875	56711
44.73565	56764
44.74255	55876
44.74943	55363
44.75633	54804
44.76323	54573
44.77012	54684
44.77702	55394
44.78392	54423
44.79082	54056
44.79770	58164
44.80460	54838
44.81150	56569
44.81838	56344
44.82528	54288
44.83218	57969
44.83908	56108
44.84597	56872
44.85287	57888
44.85977	56893
44.86667	55489
44.87355	58717
44.88045	61412
44.88735	64086
44.89423	66936
44.90113	71750
44.90803	71049
44.91493	72845
44.92182	73123
44.92872	72222
44.93562	67382
44.94250	66553
44.94940	64111
44.95630	63705
44.96320	64838
44.97008	62611
44.97698	60796
44.98388	61446
44.99078	64742
44.99767	64846
45.00457	64388
45.01147	66878
45.01835	70789
45.02525	75363
45.03215	82777
45.03905	86262
45.04593	91501
45.05283	100365
45.05973	103956
45.06663	108077
45.07352	110093
45.08042	106867
45.08732	110075
45.09420	116362
45.10110	114860
45.10800	116293
45.11490	105447
45.12178	98200
45.12868	91220
45.13558	77718
45.14247	73431
45.14937	70153
45.15627	67655
45.16317	68348
45.17005	70014
45.17695	68426
45.18385	71427
45.19075	68785
45.19763	69823
45.20453	71491
45.21143	73936
45.21832	71062
45.22522	70544
45.23212	74082
45.23902	68933
45.24590	70459
45.25280	67575
45.25970	65485
45.26660	64066
45.27348	65653
45.28038	63040
45.28728	67451
45.29417	61228
45.30107	65222
45.30797	63292
45.31487	67334
45.32175	64883
45.32865	63177
45.33555	64247
45.34243	64662
45.34933	62799
45.35623	64147
45.36313	62858
45.37002	65462
45.37692	63303
45.38382	63336
45.39072	65040
45.39760	64402
45.40450	63303
45.41140	65619
45.41828	66467
45.42518	64466
45.43208	63307
45.43898	64688
45.44587	62839
45.45277	62380
45.45967	63879
45.46657	64299
45.47345	65987
45.48035	63434
45.48725	64717
45.49413	65388
45.50103	63466
45.50793	64439
45.51483	65334
45.52172	65388
45.52862	69087
45.53552	70452
45.54240	69638
45.54930	71479
45.55620	71899
45.56310	67306
45.56998	64464
45.57688	65361
45.58378	66065
45.59068	64793
45.59757	64253
45.60447	66101
45.61137	64879
45.61825	63248
45.62515	64284
45.63205	65554
45.63895	64165
45.64583	65477
45.65273	68479
45.65963	64493
45.66652	63866
45.67342	63924
45.68032	64353
45.68722	66065
45.69410	62698
45.70100	65210
45.70790	65799
45.71480	63592
45.72168	64034
45.72858	64285
45.73548	63102
45.74237	66453
45.74927	63451
45.75617	63569
45.76307	66138
45.76995	64855
45.77685	64476
45.78375	68506
45.79065	64200
45.79753	66781
45.80443	67644
45.81133	66859
45.81822	65390
45.82512	66700
45.83202	68403
45.83892	68680
45.84580	68185
45.85270	67270
45.85960	67049
45.86648	69635
45.87338	72704
45.88028	74370
45.88718	72569
45.89407	76973
45.90097	74570
45.90787	74786
45.91477	73013
45.92165	70142
45.92855	70521
45.93545	69681
45.94233	70304
45.94923	68925
45.95613	68326
45.96303	68679
45.96992	69239
45.97682	68207
45.98372	69939
45.99062	68957
45.99750	69196
46.00440	68136
46.01130	72103
46.01818	70231
46.02508	74538
46.03198	73181
46.03888	74214
46.04577	71215
46.05267	75323
46.05957	74731
46.06645	74128
46.07335	74059
46.08025	77694
46.08715	75239
46.09403	75117
46.10093	80274
46.10783	85651
46.11473	91283
46.12162	99777
46.12852	106490
46.13542	112077
46.14230	115828
46.14920	113846
46.15610	108605
46.16300	104086
46.16988	92498
46.17678	88758
46.18368	84031
46.19058	79394
46.19747	83816
46.20437	83385
46.21127	83805
46.21815	86372
46.22505	88735
46.23195	90612
46.23885	88496
46.24573	87351
46.25263	86632
46.25953	82492
46.26642	77132
46.27332	78248
46.28022	76685
46.28712	77017
46.29400	76288
46.30090	78961
46.30780	77646
46.31470	76410
46.32158	75454
46.32848	74666
46.33538	76487
46.34227	74745
46.34917	72749
46.35607	75687
46.36297	76647
46.36985	75794
46.37675	74993
46.38365	75766
46.39055	77356
46.39743	77222
46.40433	78324
46.41123	80704
46.41812	81895
46.42502	82248
46.43192	78180
46.43882	78223
46.44570	76797
46.45260	74353
46.45950	76771
46.46638	75825
46.47328	76557
46.48018	76799
46.48708	76038
46.49397	78077
46.50087	77896
46.50777	77660
46.51467	78028
46.52155	76425
46.52845	76621
46.53535	77713
46.54223	77858
46.54913	77585
46.55603	80018
46.56293	77930
46.56982	79634
46.57672	77018
46.58362	75718
46.59052	77873
46.59740	75164
46.60430	78517
46.61120	76242
46.61808	76227
46.62498	76349
46.63188	78502
46.63878	77416
46.64567	75613
46.65257	76828
46.65947	77534
46.66635	79791
46.67325	78282
46.68015	78039
46.68705	77708
46.69393	76826
46.70083	76544
46.70773	80320
46.71463	78276
46.72152	77348
46.72842	76551
46.73532	78175
46.74220	78892
46.74910	79672
46.75600	82710
46.76290	82435
46.76978	80010
46.77668	82185
46.78358	79925
46.79047	84242
46.79737	78136
46.80427	79768
46.81117	84052
46.81805	81501
46.82495	82632
46.83185	79385
46.83875	81751
46.84563	79237
46.85253	80975
46.85943	79867
46.86632	81403
46.87322	81750
46.88012	80422
46.88702	83151
46.89390	81606
46.90080	78397
46.90770	80914
46.91460	77659
46.92148	82547
46.92838	77861
46.93528	81673
46.94217	80499
46.94907	78783
46.95597	82749
46.96287	83463
46.96975	79251
46.97665	79207
46.98355	79247
46.99043	81002
46.99733	80366
47.00423	81106
47.01113	81913
47.01802	82633
47.02492	82683
47.03182	82063
47.03872	83435
47.04560	80728
47.05250	83040
47.05940	82265
47.06628	83418
47.07318	83312
47.08008	81905
47.08698	85023
47.09387	81473
47.10077	84029
47.10767	81394
47.11457	84039
47.12145	83737
47.12835	79681
47.13525	81549
47.14213	84236
47.14903	83836
47.15593	81579
47.16283	84732
47.16972	85635
47.17662	88534
47.18352	87201
47.19040	88465
47.19730	88492
47.20420	89745
47.21110	86844
47.21798	87386
47.22488	87328
47.23178	85474
47.23868	87265
47.24557	83681
47.25247	86299
47.25937	85038
47.26625	84319
47.27315	85914
47.28005	87081
47.28695	90856
47.29383	85698
47.30073	90386
47.30763	95751
47.31453	99393
47.32142	98987
47.32832	102265
47.33522	102132
47.34210	102344
47.34900	101734
47.35590	96925
47.36280	99235
47.36968	95273
47.37658	94461
47.38348	93187
47.39037	92941
47.39727	93885
47.40417	95410
47.41107	91771
47.41795	92892
47.42485	90755
47.43175	94959
47.43865	93972
47.44553	95088
47.45243	93337
47.45933	95924
47.46622	95252
47.47312	94378
47.48002	96053
47.48692	91882
47.49380	94100
47.50070	97706
47.50760	99948
47.51450	101265
47.52138	109166
47.52828	116606
47.53518	132202
47.54207	144132
47.54897	155882
47.55587	167655
47.56277	173976
47.56965	170926
47.57655	161193
47.58345	154846
47.59033	141201
47.59723	127862
47.60413	119393
47.61103	115915
47.61792	107890
47.62482	109265
47.63172	103090
47.63862	105960
47.64550	104281
47.65240	100355
47.65930	101594
47.66618	100714
47.67308	99776
47.67998	102308
47.68688	100392
47.69377	99374
47.70067	100325
47.70757	100593
47.71445	100746
47.72135	98802
47.72825	101085
47.73515	100227
47.74203	103151
47.74893	101470
47.75583	100316
47.76273	100102
47.76962	97647
47.77652	100663
47.78342	98778
47.79030	99529
47.79720	99534
47.80410	103789
47.81100	99146
47.81788	94839
47.82478	97570
47.83168	98349
47.83858	100477
47.84547	98333
47.85237	99516
47.85927	103445
47.86615	101104
47.87305	102188
47.87995	96849
47.88685	102595
47.89373	101546
47.90063	101455
47.90753	101453
47.91442	101603
47.92132	101904
47.92822	99838
47.93512	101610
47.94200	100952
47.94890	104069
47.95580	101376
47.96270	104532
47.96958	102820
47.97648	101246
47.98338	103765
47.99027	105902
47.99717	102681
48.00407	103673
48.01097	100858
48.01785	101427
48.02475	102731
48.03165	103156
48.03855	105863
48.04543	102325
48.05233	108371
48.05923	105635
48.06612	105554
48.07302	102812
48.07992	102899
48.08682	103603
48.09370	103917
48.10060	103128
48.10750	103612
48.11438	107687
48.12128	106699
48.12818	107229
48.13508	105254
48.14197	107462
48.14887	104966
48.15577	105696
48.16267	107126
48.16955	107364
48.17645	106846
48.18335	107457
48.19023	105997
48.19713	107228
48.20403	108195
48.21093	109860
48.21782	107845
48.22472	106974
48.23162	107781
48.23852	107553
48.24540	109996
48.25230	110815
48.25920	105682
48.26608	107654
48.27298	106681
48.27988	108235
48.28678	109546
48.29367	106845
48.30057	109855
48.30747	106826
48.31435	110961
48.32125	108099
48.32815	110753
48.33505	110942
48.34193	112039
48.34883	109401
48.35573	110589
48.36263	109767
48.36952	107749
48.37642	111864
48.38332	108168
48.39020	109036
48.39710	108724
48.40400	113983
48.41090	111370
48.41778	109939
48.42468	110336
48.43158	112529
48.43847	113540
48.44537	110794
48.45227	108737
48.45917	109716
48.46605	112937
48.47295	114461
48.47985	108879
48.48675	115062
48.49363	114216
48.50053	113849
48.50743	115873
48.51432	115957
48.52122	114642
48.52812	110731
48.53502	115075
48.54190	114734
48.54880	115067
48.55570	115202
48.56260	113298
48.56948	113351
48.57638	115322
48.58328	113251
48.59017	115252
48.59707	118605
48.60397	117214
48.61087	120059
48.61775	117207
48.62465	114221
48.63155	115955
48.63843	116352
48.64533	118537
48.65223	115406
48.65913	117679
48.66602	115152
48.67292	118274
48.67982	118277
48.68672	118285
48.69360	117808
48.70050	118933
48.70740	114954
48.71428	114932
48.72118	117750
48.72808	118501
48.73498	116590
48.74187	121091
48.74877	120457
48.75567	119929
48.76257	118527
48.76945	120230
48.77635	119189
48.78325	117133
48.79013	120239
48.79703	121853
48.80393	116266
48.81083	119276
48.81772	119858
48.82462	119530
48.83152	119327
48.83840	122188
48.84530	118260
48.85220	120447
48.85910	119610
48.86598	122346
48.87288	120021
48.87978	121046
48.88668	120426
48.89357	122237
48.90047	124880
48.90737	124587
48.91425	121903
48.92115	123753
48.92805	120907
48.93495	126297
48.94183	121042
48.94873	122327
48.95563	125250
48.96253	125029
48.96942	124020
48.97632	123582
48.98322	125390
48.99010	125641
48.99700	126221
49.00390	126481
49.01080	129467
49.01768	125444
49.02458	127805
49.03148	126511
49.03837	127481
49.04527	126629
49.05217	126013
49.05907	130296
49.06595	126193
49.07285	127920
49.07975	131608
49.08665	127153
49.09353	126173
49.10043	127584
49.10733	128077
49.11422	129235
49.12112	128860
49.12802	130401
49.13492	128160
49.14180	129420
49.14870	128718
49.15560	130823
49.16250	128442
49.16938	131044
49.17628	124287
49.18318	128470
49.19007	130180
49.19697	129990
49.20387	130463
49.21077	130338
49.21765	128869
49.22455	126938
49.23145	129150
49.23833	126945
49.24523	132215
49.25213	133534
49.25903	131661
49.26592	131297
49.27282	132895
49.27972	134013
49.28662	127872
49.29350	129228
49.30040	129945
49.30730	131628
49.31418	133892
49.32108	130273
49.32798	128955
49.33488	130862
49.34177	130891
49.34867	133367
49.35557	130019
49.36245	130809
49.36935	134490
49.37625	132566
49.38315	134622
49.39003	130328
49.39693	133961
49.40383	133209
49.41073	135225
49.41762	133323
49.42452	136407
49.43142	133855
49.43830	133260
49.44520	134966
49.45210	135716
49.45900	135402
49.46588	137012
49.47278	135723
49.47968	135667
49.48658	135586
49.49347	132194
49.50037	138162
49.50727	134691
49.51415	137120
49.52105	135424
49.52795	135099
49.53485	131399
49.54173	136826
49.54863	136812
49.55553	136862
49.56242	135864
49.56932	140525
49.57622	133304
49.58312	133836
49.59000	138559
49.59690	134335
49.60380	137729
49.61070	137828
49.61758	138404
49.62448	136150
49.63138	137984
49.63827	138405
49.64517	135553
49.65207	140031
49.65897	137200
49.66585	136196
49.67275	138247
49.67965	138988
49.68655	137839
49.69343	141433
49.70033	137469
49.70723	140477
49.71412	141019
49.72102	139046
49.72792	143811
49.73482	139150
49.74170	139654
49.74860	139176
49.75550	141848
49.76238	143303
49.76928	138237
49.77618	141521
49.78308	141096
49.78997	141687
49.79687	136876
49.80377	139886
49.81067	141353
49.81755	138715
49.82445	141153
49.83135	138363
49.83823	138477
49.84513	141011
49.85203	142870
49.85893	140738
49.86582	139934
49.87272	138677
49.87962	142244
49.88652	140764
49.89340	140141
49.90030	140808
49.90720	138757
49.91408	145937
49.92098	140312
49.92788	144289
49.93478	144347
49.94167	138345
49.94857	142593
49.95547	142445
49.96235	142010
49.96925	139914
49.97615	146095
49.98305	143132
49.98993	142094
49.99683	143642
50.00373	146640
50.01063	141836
50.01752	144277
50.02442	140814
50.03132	145630
50.03820	144373
50.04510	142789
50.05200	142301
50.05890	140418
50.06578	140285
50.07268	139974
50.07958	144948
50.08648	144226
50.09337	139890
50.10027	141732
50.10717	144920
50.11405	142989
50.12095	142947
50.12785	141841
50.13475	143114
50.14163	141970
50.14853	146658
50.15543	142882
50.16232	141282
50.16922	142213
50.17612	141147
50.18302	142441
50.18990	142151
50.19680	144835
50.20370	143548
50.21060	140849
50.21748	141067
50.22438	142388
50.23128	140022
50.23817	143429
50.24507	144188
50.25197	139896
50.25887	142211
50.26575	143687
50.27265	142834
50.27955	143517
50.28645	141922
50.29333	141115
50.30023	143412
50.30713	142259
50.31402	140241
50.32092	142746
50.32782	141823
50.33472	141553
50.34160	140040
50.34850	141706
50.35540	141499
50.36228	139884
50.36918	140812
50.37608	142520
50.38298	140918
50.38987	141663
50.39677	140536
50.40367	140477
50.41057	140216
50.41745	141084
50.42435	142812
50.43125	139290
50.43813	140150
50.44503	137523
50.45193	141791
50.45883	141475
50.46572	143186
50.47262	141854
50.47952	140754
50.48640	138761
50.49330	141592
50.50020	142048
50.50710	140235
50.51398	139879
50.52088	138853
50.52778	136100
50.53468	138622
50.54157	136204
50.54847	137543
50.55537	135760
50.56225	138486
50.56915	142411
50.57605	137374
50.58295	137909
50.58983	142485
50.59673	136493
50.60363	135789
50.61053	139328
50.61742	138806
50.62432	138702
50.63122	136917
50.63810	140182
50.64500	136719
50.65190	137042
50.65880	137428
50.66568	134321
50.67258	139036
50.67948	139600
50.68637	139210
50.69327	138054
50.70017	138309
50.70707	137064
50.71395	137808
50.72085	138559
50.72775	138802
50.73465	137271
50.74153	138887
50.74843	134247
50.75533	135725
50.76222	135198
50.76912	137584
50.77602	136840
50.78292	134667
50.78980	132509
50.79670	136901
50.80360	137088
50.81050	138574
50.81738	140978
50.82428	137730
50.83118	136272
50.83807	137216
50.84497	139644
50.85187	137828
50.85877	137719
50.86565	138452
50.87255	135041
50.87945	136780
50.88633	138285
50.89323	138809
50.90013	137050
50.90703	137497
50.91392	136234
50.92082	137689
50.92772	138622
50.93462	138252
50.94150	136668
50.94840	137156
50.95530	138788
50.96218	137332
50.96908	140810
50.97598	140038
50.98288	136935
50.98977	138246
50.99667	139192
51.00357	141205
51.01047	138521
51.01735	139123
51.02425	136289
51.03115	139648
51.03803	140470
51.04493	137313
51.05183	140506
51.05873	139209
51.06562	137228
51.07252	137541
51.07942	136974
51.08630	138216
51.09320	140186
51.10010	137759
51.10700	137315
51.11388	139406
51.12078	135347
51.12768	137490
51.13458	138239
51.14147	136966
51.14837	137447
51.15527	137562
51.16215	136301
51.16905	138222
51.17595	133972
51.18285	139029
51.18973	137845
51.19663	139688
51.20353	135684
51.21042	139767
51.21732	137586
51.22422	133735
51.23112	136796
51.23800	137680
51.24490	134651
51.25180	132119
51.25870	136901
51.26558	137186
51.27248	136866
51.27938	135112
51.28627	138727
51.29317	137383
51.30007	136462
51.30697	133247
51.31385	135958
51.32075	131915
51.32765	136226
51.33455	133458
51.34143	133481
51.34833	137318
51.35523	135706
51.36212	135195
51.36902	136394
51.37592	134293
51.38282	133894
51.38970	137524
51.39660	133687
51.40350	138611
51.41038	132593
51.41728	138348
51.42418	132964
51.43108	134016
51.43797	134188
51.44487	137359
51.45177	131600
51.45867	133362
51.46555	134869
51.47245	136751
51.47935	138368
51.48623	135479
51.49313	134522
51.50003	135393
51.50693	130088
51.51382	132859
51.52072	132366
51.52762	135319
51.53452	134662
51.54140	135186
51.54830	134786
51.55520	134465
51.56208	133343
51.56898	134622
51.57588	132577
51.58278	136867
51.58967	131698
51.59657	133925
51.60347	131738
51.61035	138289
51.61725	135755
51.62415	135530
51.63105	131246
51.63793	134684
51.64483	133363
51.65173	132785
51.65863	135797
51.66552	135148
51.67242	133012
51.67932	134915
51.68620	132456
51.69310	132828
51.70000	133463
51.70690	136487
51.71378	133972
51.72068	133929
51.72758	135996
51.73448	136382
51.74137	135066
51.74827	132141
51.75517	137168
51.76205	135741
51.76895	133594
51.77585	134327
51.78275	132943
51.78963	132208
51.79653	132242
51.80343	132968
51.81032	132367
51.81722	134372
51.82412	137661
51.83102	134775
51.83790	133803
51.84480	134836
51.85170	134971
51.85860	134512
51.86548	134897
51.87238	132487
51.87928	133685
51.88617	140250
51.89307	134108
51.89997	133134
51.90687	135071
51.91375	130481
51.92065	134877
51.92755	134358
51.93445	132146
51.94133	132716
51.94823	131887
51.95513	134644
51.96202	132135
51.96892	134415
51.97582	132684
51.98272	133453
51.98960	131354
51.99650	133462
52.00340	134918
52.01028	133256
52.01718	133559
52.02408	135462
52.03098	129979
52.03787	136851
52.04477	133083
52.05167	134591
52.05857	135111
52.06545	129733
52.07235	134464
52.07925	136257
52.08613	133418
52.09303	134328
52.09993	134935
52.10683	136725
52.11372	134415
52.12062	137473
52.12752	133834
52.13442	134512
52.14130	131550
52.14820	135269
52.15510	129922
52.16198	135579
52.16888	134689
52.17578	136683
52.18268	133729
52.18957	139043
52.19647	132787
52.20337	135601
52.21025	132569
52.21715	133866
52.22405	133579
52.23095	134104
52.23783	135869
52.24473	133579
52.25163	135992
52.25853	136585
52.26542	135309
52.27232	134472
52.27922	133878
52.28610	136459
52.29300	134579
52.29990	135592
52.30680	134903
52.31368	133017
52.32058	134514
52.32748	136076
52.33437	137214
52.34127	134414
52.34817	136868
52.35507	135673
52.36195	135260
52.36885	135316
52.37575	137975
52.38265	140900
52.38953	135370
52.39643	136830
52.40333	139000
52.41022	136004
52.41712	135082
52.42402	135007
52.43092	136834
52.43780	135500
52.44470	133867
52.45160	131273
52.45850	135642
52.46538	136045
52.47228	137367
52.47918	135527
52.48607	131529
52.49297	133461
52.49987	133178
52.50677	136027
52.51365	135600
52.52055	132419
52.52745	136476
52.53433	135395
52.54123	133131
52.54813	135360
52.55503	133222
52.56192	135201
52.56882	135267
52.57572	133307
52.58262	134289
52.58950	136786
52.59640	135626
52.60330	131486
52.61018	133778
52.61708	131005
52.62398	133427
52.63088	134409
52.63777	136323
52.64467	137448
52.65157	134538
52.65847	132717
52.66535	132282
52.67225	130259
52.67915	135476
52.68603	133879
52.69293	132792
52.69983	134199
52.70673	134944
52.71362	131028
52.72052	132701
52.72742	134256
52.73430	134566
52.74120	132901
52.74810	131175
52.75500	133556
52.76188	132056
52.76878	130370
52.77568	133974
52.78258	137764
52.78947	134933
52.79637	134733
52.80327	135235
52.81015	134214
52.81705	133733
52.82395	134285
52.83085	134459
52.83773	133294
52.84463	133990
52.85153	134890
52.85843	133938
52.86532	131905
52.87222	136946
52.87912	131007
52.88600	134710
52.89290	135622
52.89980	132511
52.90670	130632
52.91358	137865
52.92048	130012
52.92738	132006
52.93427	132079
52.94117	133254
52.94807	132054
52.95497	134614
52.96185	132761
52.96875	131859
52.97565	133133
52.98255	134112
52.98943	131906
52.99633	132322
53.00323	135094
53.01012	132986
53.01702	134709
53.02392	131201
53.03082	135189
53.03770	131968
53.04460	132931
53.05150	133354
53.05840	132333
53.06528	135498
53.07218	133522
53.07908	131692
53.08597	131129
53.09287	129746
53.09977	131551
53.10667	130694
53.11355	135512
53.12045	132770
53.12735	131270
53.13423	133043
53.14113	131257
53.14803	131865
53.15493	129124
53.16182	131747
53.16872	134378
53.17562	131206
53.18252	130051
53.18940	129556
53.19630	133091
53.20320	137328
53.21008	134615
53.21698	132392
53.22388	134707
53.23078	132688
53.23767	131579
53.24457	135122
53.25147	134009
53.25835	133302
53.26525	133104
53.27215	133984
53.27905	128369
53.28593	130481
53.29283	132599
53.29973	133900
53.30663	133985
53.31352	134003
53.32042	132579
53.32732	133400
53.33420	130446
53.34110	134005
53.34800	128850
53.35490	135811
53.36178	130061
53.36868	129851
53.37558	131294
53.38248	134373
53.38937	128568
53.39627	137526
53.40317	130807
53.41005	131699
53.41695	133043
53.42385	134532
53.43075	132194
53.43763	131276
53.44453	132946
53.45143	131832
53.45832	133913
53.46522	131922
53.47212	133941
53.47902	132673
53.48590	132776
53.49280	132426
53.49970	130385
53.50660	133486
53.51348	131868
53.52038	136332
53.52728	131056
53.53417	129741
53.54107	133206
53.54797	132622
53.55487	132199
53.56175	130351
53.56865	130080
53.57555	131445
53.58245	134610
53.58933	130897
53.59623	131396
53.60313	128577
53.61002	133421
53.61692	129371
53.62382	129817
53.63072	131489
53.63760	132107
53.64450	132280
53.65140	134029
53.65828	128276
53.66518	131487
53.67208	130992
53.67898	133159
53.68587	129500
53.69277	134737
53.69967	132819
53.70657	132141
53.71345	131948
53.72035	129833
53.72725	133584
53.73413	133425
53.74103	131479
53.74793	131627
53.75483	130217
53.76172	130854
53.76862	131982
53.77552	134375
53.78242	131886
53.78930	130530
53.79620	131453
53.80310	131721
53.80998	132513
53.81688	132528
53.82378	130814
53.83068	131992
53.83757	130227
53.84447	130041
53.85137	130849
53.85825	130806
53.86515	131120
53.87205	132228
53.87895	132650
53.88583	131316
53.89273	132123
53.89963	132051
53.90653	133185
53.91342	131702
53.92032	134671
53.92722	132059
53.93410	133043
53.94100	129952
53.94790	133919
53.95480	131753
53.96168	130492
53.96858	133466
53.97548	134076
53.98237	133375
53.98927	133539
53.99617	135806
54.00307	130416
54.00995	132421
54.01685	131226
54.02375	131165
54.03065	133331
54.03753	129421
54.04443	132718
54.05133	131815
54.05822	132757
54.06512	134698
54.07202	131804
54.07892	133188
54.08580	132333
54.09270	129897
54.09960	135066
54.10650	131225
54.11338	130922
54.12028	130798
54.12718	130797
54.13407	132488
54.14097	134882
54.14787	130690
54.15477	128358
54.16165	132116
54.16855	133581
54.17545	130060
54.18233	126585
54.18923	126502
54.19613	131779
54.20303	130781
54.20992	129578
54.21682	133738
54.22372	130001
54.23062	129385
54.23750	128178
54.24440	131216
54.25130	131208
54.25818	132838
54.26508	128448
54.27198	128363
54.27888	131717
54.28577	131168
54.29267	130079
54.29957	127267
54.30647	128706
54.31335	128535
54.32025	130052
54.32715	132976
54.33403	129713
54.34093	131289
54.34783	131879
54.35473	128692
54.36162	132951
54.36852	131094
54.37542	126745
54.38230	130686
54.38920	129903
54.39610	129123
54.40300	130016
54.40988	130518
54.41678	129562
54.42368	132936
54.43058	134445
54.43747	132509
54.44437	129447
54.45127	128513
54.45815	129705
54.46505	135104
54.47195	131210
54.47885	130959
54.48573	130410
54.49263	129845
54.49953	131155
54.50643	132002
54.51332	130343
54.52022	132297
54.52712	129995
54.53400	131885
54.54090	133350
54.54780	127468
54.55470	128872
54.56158	129432
54.56848	128902
54.57538	133356
54.58227	128461
54.58917	130028
54.59607	131686
54.60297	131661
54.60985	132206
54.61675	129206
54.62365	129281
54.63055	129823
54.63743	134092
54.64433	130169
54.65123	131740
54.65812	129130
54.66502	129377
54.67192	130880
54.67882	129828
54.68570	131213
54.69260	134058
54.69950	131558
54.70640	134085
54.71328	131022
54.72018	133673
54.72708	130238
54.73397	130503
54.74087	130524
54.74777	131141
54.75467	130251
54.76155	130519
54.76845	131554
54.77535	130744
54.78223	130698
54.78913	135411
54.79603	132513
54.80293	132063
54.80982	132186
54.81672	129264
54.82362	134797
54.83052	133326
54.83740	134056
54.84430	133225
54.85120	130216
54.85808	132085
54.86498	132859
54.87188	129995
54.87878	130219
54.88567	129321
54.89257	131172
54.89947	129552
54.90637	133456
54.91325	128392
54.92015	129865
54.92705	129035
54.93393	129230
54.94083	131882
54.94773	131146
54.95463	129365
54.96152	133462
54.96842	133223
54.97532	133034
54.98220	130751
54.98910	131902
54.99600	132342
55.00290	129729
55.00978	129654
55.01668	129603
55.02358	129944
55.03048	129896
55.03737	129695
55.04427	129103
55.05117	129679
55.05805	132303
55.06495	132918
55.07185	129054
55.07875	130445
55.08563	132306
55.09253	130041
55.09943	132306
55.10633	131415
55.11322	130423
55.12012	127682
55.12702	130608
55.13390	132966
55.14080	127866
55.14770	131213
55.15460	135245
55.16148	127993
55.16838	131872
55.17528	135904
55.18217	131018
55.18907	130011
55.19597	132297
55.20287	129272
55.20975	128055
55.21665	129448
55.22355	129673
55.23045	132732
55.23733	133655
55.24423	132133
55.25113	133122
55.25802	133010
55.26492	129775
55.27182	131086
55.27872	131151
55.28560	129034
55.29250	128024
55.29940	128135
55.30628	130797
55.31318	131246
55.32008	131035
55.32698	127054
55.33387	131054
55.34077	133851
55.34767	129678
55.35457	129960
55.36145	130417
55.36835	130407
55.37525	129580
55.38213	128205
55.38903	132308
55.39593	132283
55.40283	130442
55.40972	132825
55.41662	131293
55.42352	133346
55.43042	131507
55.43730	130916
55.44420	132723
55.45110	131719
55.45798	132390
55.46488	130331
55.47178	132108
55.47868	132047
55.48557	132001
55.49247	136066
55.49937	134343
55.50625	132303
55.51315	131851
55.52005	128938
55.52695	132100
55.53383	130793
55.54073	130316
55.54763	130563
55.55453	131748
55.56142	131334
55.56832	131499
55.57522	132398
55.58210	129399
55.58900	130369
55.59590	132009
55.60280	129194
55.60968	129997
55.61658	130107
55.62348	128459
55.63038	127666
55.63727	130627
55.64417	132190
55.65107	126937
55.65795	129649
55.66485	133747
55.67175	129802
55.67865	130837
55.68553	126767
55.69243	128400
55.69933	129122
55.70622	131014
55.71312	128958
55.72002	133517
55.72692	130756
55.73380	130190
55.74070	128401
55.74760	126139
55.75450	130332
55.76138	128865
55.76828	132849
55.77518	129915
55.78207	130417
55.78897	128830
55.79587	131866
55.80277	129247
55.80965	129418
55.81655	128798
55.82345	126581
55.83035	127933
55.83723	131131
55.84413	129663
55.85103	129988
55.85792	129226
55.86482	127454
55.87172	130244
55.87862	130079
55.88550	128333
55.89240	129235
55.89930	127041
55.90618	128024
55.91308	128493
55.91998	129568
55.92688	128060
55.93377	130011
55.94067	128898
55.94757	127514
55.95447	127805
55.96135	129614
55.96825	126786
55.97515	128765
55.98203	125961
55.98893	124865
55.99583	127222
56.00273	131030
56.00962	127414
56.01652	128799
56.02342	127596
56.03030	131759
56.03720	129194
56.04410	129162
56.05100	126121
56.05788	126932
56.06478	128618
56.07168	126084
56.07858	128137
56.08547	127970
56.09237	129263
56.09927	126637
56.10615	128921
56.11305	126924
56.11995	130849
56.12685	130492
56.13373	126989
56.14063	126714
56.14753	125939
56.15443	127169
56.16132	126751
56.16822	127170
56.17512	128727
56.18200	127811
56.18890	128504
56.19580	124173
56.20270	126448
56.20958	126178
56.21648	127061
56.22338	126867
56.23027	126423
56.23717	126444
56.24407	127314
56.25097	127574
56.25785	127022
56.26475	126257
56.27165	128324
56.27855	126787
56.28543	128134
56.29233	121707
56.29923	127464
56.30612	127633
56.31302	131027
56.31992	129575
56.32682	128365
56.33370	126413
56.34060	127200
56.34750	127047
56.35440	129114
56.36128	127562
56.36818	127262
56.37508	127791
56.38197	130327
56.38887	129319
56.39577	125668
56.40267	126544
56.40955	128027
56.41645	126381
56.42335	127783
56.43023	127896
56.43713	128859
56.44403	127868
56.45093	127882
56.45782	129392
56.46472	127228
56.47162	126662
56.47852	128160
56.48540	129172
56.49230	128544
56.49920	126109
56.50608	126172
56.51298	127928
56.51988	126027
56.52678	128343
56.53367	129091
56.54057	126191
56.54747	127346
56.55437	127368
56.56125	130074
56.56815	127923
56.57505	128461
56.58193	128626
56.58883	130701
56.59573	128677
56.60263	132703
56.60952	128021
56.61642	126348
56.62332	129075
56.63020	128805
56.63710	128849
56.64400	130280
56.65090	125338
56.65778	127600
56.66468	127848
56.67158	127178
56.67848	125915
56.68537	125660
56.69227	129480
56.69917	125543
56.70605	126440
56.71295	125774
56.71985	124063
56.72675	126068
56.73363	127686
56.74053	124572
56.74743	126238
56.75432	129659
56.76122	128863
56.76812	126540
56.77502	128780
56.78190	127303
56.78880	127820
56.79570	129243
56.80260	127378
56.80948	130040
56.81638	129004
56.82328	125775
56.83017	128024
56.83707	126920
56.84397	128033
56.85087	129917
56.85775	128867
56.86465	129230
56.87155	131141
56.87845	126789
56.88533	125489
56.89223	127964
56.89913	128488
56.90602	128582
56.91292	126725
56.91982	128217
56.92672	127879
56.93360	129896
56.94050	127954
56.94740	126704
56.95428	129604
56.96118	129088
56.96808	127380
56.97498	128587
56.98187	129551
56.98877	130962
56.99567	130046
57.00257	127908
57.00945	130574
57.01635	128070
57.02325	129629
57.03013	129685
57.03703	127638
57.04393	129946
57.05083	131025
57.05772	129311
57.06462	128603
57.07152	128404
57.07842	130369
57.08530	127039
57.09220	128954
57.09910	128723
57.10598	129821
57.11288	126251
57.11978	129856
57.12668	128845
57.13357	125278
57.14047	128433
57.14737	127966
57.15425	129871
57.16115	131237
57.16805	131017
57.17495	126138
57.18183	126272
57.18873	129343
57.19563	127264
57.20253	129428
57.20942	130809
57.21632	126555
57.22322	128415
57.23010	129534
57.23700	127874
57.24390	128233
57.25080	130044
57.25768	128585
57.26458	128933
57.27148	132927
57.27838	127833
57.28527	130385
57.29217	130662
57.29907	124863
57.30595	128764
57.31285	128394
57.31975	129014
57.32665	126359
57.33353	129138
57.34043	128666
57.34733	130244
57.35422	125660
57.36112	127691
57.36802	132210
57.37492	132731
57.38180	126453
57.38870	128583
57.39560	129601
57.40250	127702
57.40938	125058
57.41628	129562
57.42318	128099
57.43007	129090
57.43697	127572
57.44387	127885
57.45077	129861
57.45765	129029
57.46455	128192
57.47145	127849
57.47835	132788
57.48523	130509
57.49213	127159
57.49903	126088
57.50592	130252
57.51282	128597
57.51972	129464
57.52662	129725
57.53350	129086
57.54040	127918
57.54730	130655
57.55418	129941
57.56108	128014
57.56798	128625
57.57488	126351
57.58177	131178
57.58867	129657
57.59557	129453
57.60247	129154
57.60935	132309
57.61625	130037
57.62315	127613
57.63003	131387
57.63693	131572
57.64383	127513
57.65073	129954
57.65762	131228
57.66452	133261
57.67142	127829
57.67832	131256
57.68520	129141
57.69210	131922
57.69900	128594
57.70588	130027
57.71278	130690
57.71968	129232
57.72658	130437
57.73347	128281
57.74037	130056
57.74727	128306
57.75415	132646
57.76105	131118
57.76795	130321
57.77485	131476
57.78173	128011
57.78863	131232
57.79553	128678
57.80243	127611
57.80932	130628
57.81622	126554
57.82312	128334
57.83000	129038
57.83690	133590
57.84380	130020
57.85070	131006
57.85758	128722
57.86448	129192
57.87138	128845
57.87828	129156
57.88517	132723
57.89207	128526
57.89897	130206
57.90585	129189
57.91275	127863
57.91965	128424
57.92655	126859
57.93343	126889
57.94033	125470
57.94723	134647
57.95412	130393
57.96102	129719
57.96792	128092
57.97482	127770
57.98170	124945
57.98860	129869
57.99550	126261
58.00240	129134
58.00928	129934
58.01618	128700
58.02308	127669
58.02997	129719
58.03687	129717
58.04377	132805
58.05067	131822
58.05755	128746
58.06445	127323
58.07135	132302
58.07823	127686
58.08513	127578
58.09203	130237
58.09893	129105
58.10582	131439
58.11272	128090
58.11962	127962
58.12652	128991
58.13340	129249
58.14030	131443
58.14720	129270
58.15408	127571
58.16098	130726
58.16788	126979
58.17478	130981
58.18167	128621
58.18857	126888
58.19547	128563
58.20237	127515
58.20925	124727
58.21615	125572
58.22305	128198
58.22993	131040
58.23683	126733
58.24373	130037
58.25063	127783
58.25752	128450
58.26442	128390
58.27132	127827
58.27820	127310
58.28510	127644
58.29200	130784
58.29890	129553
58.30578	125609
58.31268	129015
58.31958	133208
58.32648	130909
58.33337	129051
58.34027	124599
58.34717	126218
58.35405	127143
58.36095	127285
58.36785	130006
58.37475	127008
58.38163	127143
58.38853	126424
58.39543	126966
58.40233	130070
58.40922	130522
58.41612	127010
58.42302	126161
58.42990	125296
58.43680	126156
58.44370	125811
58.45060	127653
58.45748	127936
58.46438	125348
58.47128	128300
58.47817	124862
58.48507	127245
58.49197	130131
58.49887	131781
58.50575	126931
58.51265	128730
58.51955	126183
58.52645	127892
58.53333	125944
58.54023	126802
58.54713	130425
58.55402	128355
58.56092	126815
58.56782	129629
58.57472	125429
58.58160	129324
58.58850	128215
58.59540	131129
58.60230	127059
58.60918	126480
58.61608	127508
58.62298	128970
58.62987	127500
58.63677	128495
58.64367	127782
58.65057	128776
58.65745	129461
58.66435	126079
58.67125	126612
58.67813	127098
58.68503	125683
58.69193	127225
58.69883	127809
58.70572	123612
58.71262	125274
58.71952	125862
58.72642	127440
58.73330	128434
58.74020	127255
58.74710	127692
58.75398	125583
58.76088	129350
58.76778	125532
58.77468	126250
58.78157	126606
58.78847	125244
58.79537	127813
58.80225	126393
58.80915	126766
58.81605	126243
58.82295	128111
58.82983	126528
58.83673	129245
58.84363	127427
58.85053	130752
58.85742	125492
58.86432	128369
58.87122	126156
58.87810	124658
58.88500	126611
58.89190	125692
58.89880	126261
58.90568	128939
58.91258	126679
58.91948	126400
58.92638	127419
58.93327	127101
58.94017	126979
58.94707	127785
58.95395	128328
58.96085	127086
58.96775	127047
58.97465	127485
58.98153	124616
58.98843	125638
